t_s,d_m,x_m,y_m,psi_rad,k_radpm,vx_mps,vy_mps,a_mps2,omega_radps,delta_rad,s_m
20.713771755284096,112.53013737944205,13.555596618999958,35.60508593697043,0.29784115582978815,-0.06935183654550954,6.131972583633939,-0.059111634884720016,2.3264317983678895,-0.42526356032172674,-0.022882111600627027,0.12931034500000038
0.04620700527001009,0.2858368217989732,13.82964455744442,35.68632888208248,0.27814253305072806,-0.06890502144003924,6.239468758844546,-0.059760371275766756,2.270048900758571,-0.4299307286026384,-0.022734739309329097,0.38793103500000115
0.09138535182170493,0.570055311922564,14.10367456961718,35.76174574065356,0.25869948680427873,-0.0682964306697208,6.3420262264114875,-0.06020614787239518,2.2218675067263773,-0.4331377544776632,-0.022534007228959544,0.6465517250000001
0.13562710445141946,0.8528247772237789,14.377708837917549,35.831486620371386,0.2395439000019951,-0.06753052583310444,6.4403275817718555,-0.060453700430695416,2.1834494297245657,-0.43491870813449934,-0.022281385519280623,0.9051724150000009
0.1790124798188657,1.134308059764753,14.651769544744841,35.895701628923646,0.2207063977781885,-0.06661302812942888,6.535060951161238,-0.060509507656445784,2.1560304451061145,-0.4353201989672358,-0.02197875953586664,1.1637931049999999
0.2216111888415524,1.4146613731434505,14.925878872498368,35.954540873998035,0.20221617710275874,-0.06555077750155032,6.626910114924162,-0.06038147635479722,2.1404507299002886,-0.434399110466167,-0.02162838345235642,1.4224137950000006
0.2634836225721857,1.694034172883296,15.200059003577449,36.00815446328226,0.18410086125850778,-0.06435157531449845,6.716542383030462,-0.060078591539030196,2.137119868661696,-0.4322200830146057,-0.021232828458320523,1.81034483
0.30468192609356226,1.9725690612601643,15.474332120381398,36.05669250446402,0.16638638063524258,-0.06302401624117811,6.804595688906193,-0.059610559940506146,2.146023012182009,-0.42885294921227446,-0.02079492739776758,2.068965520000001
0.34525098715990055,2.2504017264589478,15.748720405309523,36.10030510523101,0.1490968805380241,-0.06157731498160293,6.891666487311231,-0.058987474207187585,2.1667662592419377,-0.4243703180373207,-0.02031771769887372,2.3275862099999998
0.38522935219425847,2.527660915502199,16.023246040761144,36.139142373270936,0.13225465598348196,-0.06002113313715474,6.978299842637912,-0.05821951948570791,2.198651199908276,-0.4188454639259561,-0.01980438434577183,2.5862068999999988
0.4246500725138098,2.8044684399865587,16.297931209135573,36.17335441627148,0.11588011279179368,-0.0583654110423333,7.064982617795547,-0.057316735414746224,2.2407638539557517,-0.41235061449457705,-0.019258204473111693,2.8448275899999995
0.4635414784792662,3.0809392133064533,16.572798092832123,36.20309134192037,0.09999175369444693,-0.0566202086778837,7.152140071040221,-0.05628883720088943,2.292063207159152,-0.4049556633157513,-0.018682494941472786,3.1034482800000003
0.5019278780231806,3.357181317743714,16.84786887425011,36.22850325790528,0.08460618769183555,-0.054795559009004964,7.240135618586863,-0.05514509171448505,2.351458229523742,-0.3967272785214751,-0.01808056399556736,3.362068970000001
0.5398301774537089,3.633296099559324,17.12316573578885,36.24974027191391,0.06973816050602258,-0.05290133626681168,7.32927315083691,-0.05389423975257955,2.417867472813707,-0.3877283435437377,-0.017455667835965444,3.620689660000002
0.5772664251401718,3.9093782900393914,17.39871085984765,36.26695249163397,0.05540060370101304,-0.05094714087086198,7.4198011351649935,-0.05254445385971753,2.4902600706664324,-0.37801765366703255,-0.01681097266539517,4.008620694999999
0.6142522815050624,4.185516150320197,17.67452642882583,36.28029002475316,0.04160469987189453,-0.04894220191734445,7.5119177598307205,-0.051103321614548815,2.5676801344634588,-0.3676497957881209,-0.01614952251631856,4.267241385
0.6508014209722246,4.46179163774331,17.9506346251227,36.28990297895918,0.028359961228184016,-0.04689529746328429,7.605776500694215,-0.04957784605006447,2.649258034878075,-0.35667515143931267,-0.015474212937946843,4.525862075000001
0.6869258728897307,4.738280591466613,18.227057631137576,36.29594146193972,0.015674318913742526,-0.04481469224323897,7.701491657933496,-0.047974457006518506,2.7342123036700343,-0.34513997846416183,-0.01478777042519324,4.784482765000002
0.7226363089962229,5.015052935075207,18.503817629269772,36.298555581382466,0.003554220489332968,-0.04270809197281501,7.799143568370964,-0.046299029174977434,2.821845427897891,-0.33308654082717576,-0.014092737313057583,5.043103454999999
0.7579422849159556,5.292172893991289,18.780936801918607,36.29789544497515,-0.007995266850116988,-0.040582613025680794,7.898783327864595,-0.044556904136411495,2.895647077181456,-0.320553267168428,-0.013391461738535332,5.301724145
0.7928536529337249,5.569699225568019,19.058437331483386,36.29411116040546,-0.018969536113972413,-0.03844476601325953,7.999885776691739,-0.042749969417662646,0.0,-0.3075537368177169,-0.01268609218696451,5.560344835
0.8276019135766699,5.847685310711576,19.336341256753553,36.287353065046965,-0.029290378056552508,-0.0359668219441691,7.999900026342537,-0.03999460619478759,0.0,-0.28773097981861573,-0.0118684939402795,5.948275870000002
0.8624108307615836,6.1261566481908885,19.614648899032026,36.277806230654654,-0.03881577524035535,-0.03239269658460701,7.999918908152561,-0.036020313479161264,0.0,-0.2591389458932465,-0.010689182743862472,6.206896559999999
0.8972769056804353,6.405085247541702,19.893315837657518,36.265727288113865,-0.047364469647148466,-0.028867430506423278,7.999935597814494,-0.032100324304682265,0.0,-0.23093758492577166,-0.009525963915340413,6.4655172499999995
0.932195017556853,6.684430142553045,20.172292134606323,36.251381692635455,-0.05494550880314921,-0.0253882397051527,7.99995018608038,-0.028231546760535062,0.0,-0.20310465295348962,-0.00837792308285375,6.72413794
0.9671592411100374,6.964143930978522,20.451527851854742,36.235034899430254,-0.06156739460200616,-0.0219512601274502,7.999962760360172,-0.02440968763519872,0.0,-0.1756092635625807,-0.007243789139536307,6.982758630000001
1.002162945743283,7.24417356804449,20.73097305137907,36.21695236370912,-0.06723788456184211,-0.018551719742063096,7.999973401583906,-0.020629443764129993,0.0,-0.14841326449014383,-0.006121991032161052,7.241379319999998
1.0371988928259395,7.5244611447057395,21.010577795155605,36.19739954068291,-0.07196382393345171,-0.015184092476530674,7.999982181718283,-0.01688467322683532,0.0,-0.12147246925780804,-0.005010708581878979,7.500000009999999
1.0722593312334316,7.804944651965677,21.290292145160635,36.17664188556247,-0.07575100595418562,-0.011842235569609845,7.999989161826446,-0.01316854811300574,0.0,-0.09473775620867439,-0.003907917844174648,7.887931045
1.1073360913601178,8.08555873297917,21.57006616337046,36.15494485355863,-0.07860405776706482,-0.008519512388389595,7.999994390571553,-0.009473691133135505,-1.694943315783972,-0.06815605131752162,-0.0028114316808210246,8.146551735000001
1.1425520533379325,8.366235424979177,21.849849911761385,36.132573899882274,-0.0805263498305479,-0.005208903110398792,7.940308859361633,-0.00574908163259277,-1.8000000000000156,-0.04136029951505589,-0.0017189363334250728,8.405172425000002
1.1780422335148284,8.646904893322866,22.129593452309695,36.10979447974424,-0.081519927005709,-0.0019031059146583653,7.876428340733852,-0.0020835651532670383,-1.8000000000000014,-0.014989677361633367,-0.0006280248692697219,8.663793114999999
1.2138126122670503,8.927496160146942,22.40924684699169,36.08687204835537,-0.0815854599140798,0.0014053685056304574,7.8120417855100595,0.0015260528511134698,-1.7999999999999987,0.010978797490024962,0.00046377157360808847,8.922413805
1.2498609601277701,9.20793783026151,22.688760157783666,36.064072060926506,-0.08072221559002482,0.0047241061768117844,7.747153238166923,0.005087174050653317,-1.799999999999996,0.036598374465131776,0.0015589537754190463,9.181034495
1.2861850670725898,9.488158817002057,22.968083446661915,36.04165997266852,-0.07892804690455962,0.008060699805101303,7.681766694149014,0.008606937725916128,-1.7999999999999947,0.06192041529436064,0.0026600246617925075,9.568965530000002
1.3227828375663195,9.768089070802166,23.247166775602743,36.019901238792244,-0.07619940070071714,0.011422656376356583,7.615885929406933,0.012092117068267086,-1.7999999999999856,0.08699364797314449,0.003769458750910151,9.827586219999999
1.3596523913794192,10.047660313245986,23.52596020658244,35.999061314508545,-0.07253134505507504,0.014817299257634737,7.549514319768342,0.015549014396687072,-1.799999999999981,0.11186341292580627,0.00488966978581936,10.08620691
1.396792171025969,10.326806779308459,23.8044138015773,35.97940565502826,-0.0679176165523672,0.018251661632896238,7.482654648635184,0.01898335242601634,-1.8000000000000131,0.13657088076270746,0.006022975507509383,10.3448276
1.4342010567314896,10.605465970388448,24.082477622563623,35.961199715562245,-0.062350688935912654,0.021732368107148844,7.415308901414832,0.022400158951653284,-1.7999999999999874,0.16115222267376464,0.007171558525419236,10.603448290000001
1.4718784898950377,10.883579420580629,24.36010173151771,35.94470895132135,-0.05582186495811114,0.025265501366907007,7.347478045006975,0.025803642605932573,-1.8000000000000058,0.18563771658944295,0.008337422260380449,10.862068979999998
1.5098246060653358,11.161093478407972,24.63723619041584,35.93019881751642,-0.04832139370204488,0.028856450918836936,7.279161790582314,0.029197057716689425,-1.799999999999985,0.2100507749402117,0.009522340980091372,11.250000015
1.5480403785046155,11.437960105938847,24.91383106123433,35.91793476935831,-0.03983861605989863,0.03250974118140546,7.210358337803652,0.03258255679081881,-1.8000000000000025,0.23440688338718563,0.010727803031803871,11.508620705
1.586527773465563,11.71413769682914,25.189836405949464,35.90818226205787,-0.030362141416951233,0.03622883662502588,7.141064098555119,0.035961029793199366,-1.8000000000000003,0.2587124445553911,0.011954946517071447,11.767241395000001
1.6252899183554792,11.989591914348123,25.465202286537544,35.90120675082594,-0.0198800588835189,0.04001592230349037,7.071273398160481,0.03933193023736642,-1.7999999999999836,0.2829635268875281,0.01320448686856656,12.025862084999998
1.6643312840064306,12.264296549851998,25.73987876497486,35.897273690873384,-0.008380186603014395,0.043871659061181345,7.00097815198629,0.04269308919444236,-1.7999999999999992,0.30714452657872193,0.014476636101421306,12.284482774999999
1.7036578823102353,12.538234401447014,26.013815903237713,35.896648537411046,0.004149637292921132,0.047794914010388156,6.930167515237822,0.046040519705104414,-1.8000000000000154,0.33122676046837707,0.0157710139454722,12.543103465
1.743277480511991,12.811398171719961,26.286963763302392,35.89959674564978,0.017721218659823255,0.05178246862516675,6.858827503662719,0.04936821578192454,-1.8000000000000178,0.35516702001384554,0.01708655164444102,12.801724155
1.7831998334858996,13.083791382395098,26.559272407145208,35.906383770800424,0.03234562322315826,0.055828709058229786,6.786940582774132,0.05266795223557534,-1.8000000000000056,0.3789061311911895,0.01842138995479229,13.060344845000001
1.8234369353435476,13.355429302593144,26.83069189674244,35.917275068073835,0.04803274205604395,0.05992530609929909,6.714485223085787,0.055929093938676455,-1.800000000000014,0.4023675822926363,0.019772773804818424,13.318965534999998
1.864003291750545,13.62633988601643,27.101172294070395,35.93253609268087,0.06479080543600292,0.06406089556138053,6.6414354187070135,0.059138425802226655,-1.7999999999999936,0.42545630073544355,0.021136947184208665,13.70689657
1.904916214357633,13.89656471086676,27.370663661105365,35.95243229983237,0.08225794211590853,0.06822077374699903,6.567760166465656,0.06228001756739986,-1.798641562694172,0.44805768034100624,0.022509053105957202,13.96551726
1.9462017731926435,14.166197660707347,27.639162751839123,35.97713383652305,0.09915486083213608,0.057013367038251384,6.493593622146679,0.051460807484160875,-1.8000000000000114,0.3702216365766969,0.018812191605966106,14.224137950000001
1.9879407452836118,14.4356741669118,27.907095820706502,36.00593414908155,0.11227178600108872,0.03977592566154517,6.418569277599488,0.03548733028705922,-1.7999999999999963,0.2553045344392749,0.013125301702284783,14.482758639999998
2.0302400943676586,14.705569307589933,28.175120461571623,36.037654471444206,0.12073555169039767,0.02234910781774086,6.342497946550473,0.01970313469133466,-1.8000000000000105,0.14174917044125654,0.007375071862750089,14.74137933
2.0732058990256776,14.976419696001148,28.44389650624032,36.071111469437994,0.12451564140523247,0.005055230805352431,6.2651885555080185,0.004402404412013244,-1.8000000000000018,0.03167197418714564,0.0016682246182230134,15.00000002
2.11694620282928,15.2487391217014,28.714083786518433,36.105121808889876,0.12363890722091528,-0.011815493462055173,6.186449211968266,-0.010160337080211291,-1.799999999999981,-0.07309595021734742,-0.0038990930831490456,15.25862071
2.1615742495414194,15.523036142168262,28.986342134211796,36.13850215562682,0.11818510191219982,-0.027998233525108072,6.1060808308935695,-0.023763367306689633,-1.7999999999999974,-0.1709594770265441,-0.009239154163509884,15.517241400000001
2.2072119641457464,15.799831305891763,29.261331381126244,36.170069175475774,0.1082839717317845,-0.04324695752286346,6.023870346558871,-0.0362114550351207,-1.8000000000000007,-0.2605140650008683,-0.014270527182443885,15.775862089999999
2.253993651436468,16.07967354273228,29.539711359067606,36.198639534263705,0.0941138062904681,-0.057330211816257186,5.939583559145176,-0.04733194411291509,-1.8000000000000187,-0.3405175835461517,-0.018916713177949213,16.034482779999998
2.30206989602019,16.36315528852248,29.82214189984174,36.223029897817604,0.07590098403556016,-0.07003076092145813,5.852957612429966,-0.05697430345829209,-1.8000000000000027,-0.40988707523951134,-0.023106038205857174,16.422413815
2.351611662018308,16.650925934729003,30.109282835254465,36.242056931964406,0.053919782734884965,-0.08114976655307324,5.763693070837453,-0.0650134062583015,-1.7830321437304963,-0.46772234718202516,-0.026773024206134935,16.681034505
2.4028106896930614,16.94370322117812,30.401793997111625,36.254537302531084,0.028968531038264782,-0.09051526494929946,5.67232127823922,-0.0713670012094547,-1.7999999999999967,-0.513431663377372,-0.029861158646212308,16.939655194999997
2.455849127672134,17.242046324177593,30.700097040607123,36.25942620309026,0.002104177812646244,-0.08806791474148855,5.576883188135088,-0.06826908176589314,-1.799999999999992,-0.4911444731359218,-0.029054233740666274,17.198275884999997
2.510729997195692,17.54542273535629,31.003457865699517,36.25635103497659,-0.024490456857166963,-0.0860655235848113,5.478123473887015,-0.06553538154088406,-1.8000000000000047,-0.4714775650423313,-0.02839398973336365,17.58620692
2.56739285667875,17.85296147554751,31.310792296583646,36.24514280980354,-0.050972077479229355,-0.08515516171064416,5.376145718753602,-0.0636351115704026,-1.7999999999999956,-0.45780655806045023,-0.02809380990337107,17.84482761
2.625777165648132,18.163798160857404,31.62101608036615,36.22563258402041,-0.0775870454890245,-0.08524619400283273,5.271060533961841,-0.062457960994151296,-1.8000000000000032,-0.4493378488787862,-0.028123826830748537,18.232758644999997
2.6858227060468716,18.477079137281308,31.93304496415367,36.197651414076525,-0.1045696222898142,-0.08628753033213718,5.162977240042559,-0.06192457717339857,-1.799999999999992,-0.4455005552043062,-0.02846719275815266,18.491379334999998
2.7474700718508425,18.791965618479374,32.245794695052844,36.16103035642119,-0.1321484119398096,-0.08826129921700443,5.052003150438031,-0.06197959427714236,-1.8000000000000007,-0.4458963617060601,-0.029117996643576442,18.750000024999995
2.8106612904848456,19.107638060937454,32.558181020170316,36.11560046750375,-0.16055189479210813,-0.09117874636830207,4.938242545306281,-0.06258652427156594,-1.8000000000000063,-0.45026276454363984,-0.03007991090539685,19.137931059999996
2.8753406360011136,19.423300931990685,32.86911968661273,36.06119280377349,-0.19001331512718153,-0.09507768599228979,4.821795250880946,-0.06372387373474982,-1.800000000000001,-0.45844513478237275,-0.03136534674268757,19.396551749999997
2.9414557088534847,19.738188032290495,33.17752644148671,35.997638421679724,-0.22077508952239605,-0.1000209623760816,4.702754704149075,-0.06538199313454132,-1.800000000000006,-0.4703740513276354,-0.032994938878472206,19.784482784999998
3.008958878068367,20.051568547507287,33.48231703189892,35.92476837767179,-0.2530928158106239,-0.1060954072488094,4.581205340570663,-0.06756023363545884,-1.7999999999999998,-0.48604484629826505,-0.034997189164859804,20.043103475
3.077809210400061,20.362754023156796,33.782407204955994,35.84241372819899,-0.28723887236236423,-0.1134107069580941,4.457219090003074,-0.07026399516094627,-1.8000000000000027,-0.5054963680643615,-0.03740807435235252,20.301724165
3.1479750501009045,20.671106479888497,34.076712707764564,35.75040552971065,-0.32350549170600407,-0.12209741088067921,4.3308506986196615,-0.07350120635250157,-1.7999999999999985,-0.5287856572122415,-0.04027036261637216,20.6896552
3.2194374656397757,20.97604791192283,34.364149287431275,35.64857483865607,-0.36220705814794735,-0.1323029975491229,4.202131507293056,-0.07727768863695747,-1.800000000000006,-0.5559545945104852,-0.04363227939710831,21.00183798865414
3.2921948508370518,21.277071434310386,34.643632691062784,35.536752711484574,-0.40368120236575816,-0.14418444675341976,4.071061202814733,-0.08159073530457439,-1.7999999999999996,-0.586983707227154,-0.04754500939800209,21.260458678654143
3.3662690642692796,21.573754357997878,34.9140786657657,35.414770204645485,-0.44828803401589373,-0.15789514555318063,3.9375969072292607,-0.0864201137147438,-1.799999999999999,-0.621727436796718,-0.05205831979080784,21.519079368654143
3.441713622536624,21.865773463258346,35.174402958646695,35.282458374588096,-0.49640655838064424,-0.17356325326604144,3.8016387652175903,-0.09171564606485118,-1.8000000000000047,-0.6598247918334617,-0.05721336491020835,21.831262157308288
3.518624645883887,22.152922692981704,35.42352131681238,35.13964827776175,-0.5484269711868082,-0.19125808860327806,3.6630108976432574,-0.09738068433145558,-1.6875589033541059,-0.7005804628162272,-0.06303156203625229,22.272755290962433
3.5970573467201463,22.435133369920386,35.66034948736943,34.98617097061574,-0.6047371537814961,-0.2109411922267546,3.5304280454617567,-0.10351506543628587,-1.5519646171921686,-0.7447127009804739,-0.06949848336533251,22.584938079616578
3.6769910620628865,22.712496819110562,35.88380321742445,34.8218575095994,-0.6657013932290937,-0.2324004105591422,3.4061142736456804,-0.11002994742931889,-1.3993876910019307,-0.7915823556066106,-0.07654230425974333,22.76781052327072
3.758398925694588,22.9852889052878,36.092798254084116,34.646538951162036,-0.7316293185928882,-0.2551700661735004,3.2918998384967955,-0.11675920764798103,-1.2306900342246903,-0.8399942996257627,-0.08400793834139139,23.26286575557901
3.8412567377127624,23.25399543833683,36.286250344455034,34.460046351752965,-0.802733602550574,-0.27844950770384697,3.1896093670791537,-0.12345217696627696,-1.0525568875661033,-0.8881451580307692,-0.09163102117278792,23.445738199233155
3.9255553888641854,23.519336653404235,36.46307523564387,34.2622107678215,-0.8790766036593297,-0.3010462097759749,3.1005550136357596,-0.12974403657291492,-0.8994302373863139,-0.9334103350569416,-0.09902034246111668,23.887231332887296
4.011355938854284,23.782288107648125,36.622188674757254,34.052863255816966,-0.9605093527392261,-0.3213842764972842,3.023081849508711,-0.1350483652465036,-0.8412135643581086,-0.9715709729964288,-0.10566182949434773,24.070103776541437
4.098938324862446,24.044094549289273,36.76250640890183,33.83183487218868,-1.0466113639183452,-0.3376242213249361,2.9491754729528963,-0.1384041170922787,-0.4919266685967236,-0.9957130726063217,-0.11095837494123592,24.565159008849726
4.188406320818449,24.30627294930245,36.88294418518425,33.59895667338593,-1.1366390494635785,-0.34791977529354595,2.905014531092703,-0.14048896840063402,0.1294171145536884,-1.010712002882259,-0.11431298265309896,24.565159008849726
4.279107159097275,24.5706004749444,36.98241909887505,33.35406122149226,-1.2279730238587796,-0.3451283016907183,2.916793455940709,-0.1399268480845671,0.867272975981517,-1.0066679718314178,-0.11340368691562058,25.060214241158015
4.369700507631873,24.838705370561144,37.06033894477255,33.09752909354534,-1.3168472331323264,-0.31110931359757477,2.995917069333131,-0.1295560207219329,1.2762541540039514,-0.9320577030354883,-0.10230762647960746,25.060214241158015
4.4588657803419425,25.111160187436504,37.11732984230745,32.831101495806756,-1.3982273049402962,-0.28054976266521725,3.1101506468884814,-0.12128473159143136,1.4598769623347239,-0.8725520258376354,-0.09231825876562819,25.813890163466304
4.5460285525844375,25.388001184470383,37.15420377308983,32.55672720607215,-1.4728842836224083,-0.25428518320236604,3.237739660717707,-0.11443998196741646,1.5709894367821633,-0.8233092227871687,-0.08371797586766189,25.813890163466304
4.630989183626361,25.668923309961183,37.17177271872985,32.27635500213716,-1.5417340927675593,-0.23253508333681458,3.371473070624295,-0.10897402223091707,1.634280154216047,-0.7839857714454466,-0.07658648626120303,26.38469364212045
4.713651488346634,25.953346151385055,37.170848660837585,31.991933661797443,-1.605737073333311,-0.21519002638976117,3.50675873973999,-0.10489211129885721,1.6558010776544354,-0.7546195057471742,-0.07089370083897166,26.772624677120447
4.7939701827420445,26.240471268648253,37.1522435810232,31.705411962848647,-1.6658424125409048,-0.2020107376505399,3.6398842404079077,-0.10220610235106535,1.633995198923266,-0.7352957003673766,-0.06656505435284557,27.031245367120448
4.871934709186745,26.529331066003945,37.11676946089679,31.418738683086428,-1.7229647277278266,-0.19275317230871597,3.7673606132082607,-0.10093772861032546,1.5608860495800805,-0.7261707094268017,-0.06352296679424367,27.73135919077459
4.94756664274776,26.818830366402945,37.065238282068485,31.13386260030643,-1.7779815768176086,-0.18724370321183056,3.885449621790091,-0.10112611063995068,1.3230727348539753,-0.7275259758269831,-0.06171196195147544,27.73135919077459
5.020991558669071,27.10778227586192,36.9984620261484,30.852732492304312,-1.8317439302304608,-0.18542607690472238,3.98258928299053,-0.10264815102681382,-0.2905367123744623,-0.7384759066677252,-0.06111440470150077,28.302162669428736
5.093261357341299,27.394940061365233,36.91725267474666,30.577297136875718,-1.8848853107475436,-0.18739619805058305,3.961571132778905,-0.10319128823396946,0.3238098727217931,-0.7423833685897083,-0.06176209368655224,28.302162669428736
5.164789541634032,27.67922851783359,36.822410990350186,30.309295305945405,-1.937566456766684,-0.1852247529947164,3.9847559375439636,-0.10259248536433765,0.8238479001408381,-0.7380754342758102,-0.06104821537426389,28.92652824673702
5.234950114919706,27.960921621644143,36.71466073898975,30.04902450837836,-1.988798395355193,-0.17996753271276858,4.04261336059694,-0.10112794215834442,1.1575302702351895,-0.7275391522183051,-0.05931960945735069,29.238711035391166
5.3034847371909715,28.240785732606273,36.59469336424798,29.796177223239305,-2.03807448864341,-0.17310897120433755,4.1220158210351805,-0.09918455061136901,1.2371780264027696,-0.7135579180674029,-0.05706394073778265,29.55089382404531
5.370406545047854,28.519488697818883,36.46320019866405,29.550443851018482,-2.0851151789490676,-0.16495997819527652,4.204897898773539,-0.09641594133161156,1.3193081099683437,-0.6936398656950471,-0.054383116192040296,29.9166387113536
5.435856468419067,28.797597035820907,36.32087257477711,29.311514792206147,-2.1297009415626738,-0.1558400798440314,4.291345049014244,-0.09295813415565694,1.442785275843685,-0.6687635550766686,-0.051381960606686525,30.09951115500774
5.499928303062837,29.075577348423238,36.16840182512633,29.07908044729254,-2.1716713173344218,-0.14605295657675166,4.383890342724008,-0.08899894027497238,1.5862403405003913,-0.6402801458631106,-0.048160206743558996,30.465256042316025
5.562667932509888,29.353799605268815,36.00647928225086,28.85283121676791,-2.2109204946914307,-0.1358690021560537,4.483514277429814,-0.08467471493272644,1.7378840648240994,-0.6091706110268088,-0.04480676124244738,30.77743883097017
5.62409614909791,29.632541891712698,35.83579627868987,28.632457501122502,-2.2473905071899707,-0.12551514583149864,4.590370334812551,-0.080086379277247,1.891623697047336,-0.5761610019945826,-0.04139633553663007,31.089621619624314
5.6842205487447055,29.91199620935568,35.65704414698252,28.41764970084657,-2.281063112645484,-0.11517097576037554,4.704198879739356,-0.07530841734591215,2.0443840122126518,-0.541787175150447,-0.03798813790340344,31.272494063278458
5.743041738308881,30.192274953578583,35.47091421966795,28.208098216430358,-2.3119512666626996,-0.10496959879677174,4.824541215417883,-0.07039379165076576,2.19466214682011,-0.5064301557609047,-0.0346261224212554,31.584676851932603
5.80055670363761,30.473417749174732,35.27809782928534,28.003493448364114,-2.3400908739599036,-0.0950015652673204,4.950849015139669,-0.06537703841182119,2.3417726778850003,-0.4703384058404402,-0.0313402515881112,31.95042173924089
5.8567607357473515,30.755398391035122,35.079286308373845,27.803525797138086,-2.3655332596801313,-0.08532039534816424,5.082540308668707,-0.06027656444269468,2.4854349070058914,-0.43364434850859485,-0.028148293895424416,32.262604527895036
5.911648600800121,31.038131702480413,34.87517098947263,27.60788566324252,-2.3883385915063564,-0.07594859209995158,5.219027123080054,-0.05509650893598534,2.625525745867091,-0.39637776212939085,-0.02505778954009575,32.574787316549184
5.9652153031006785,31.321480183425418,34.66644320512084,27.416263447167672,-2.4085703209968425,-0.0668833905545216,5.359727077416944,-0.04982826399444857,2.761910592477672,-0.3584767193845221,-0.0220679358690936,32.757659760203325
6.017456628318288,31.605260371222283,34.453794287857654,27.22834954940378,-2.4262906018057873,-0.05810180351641135,5.50406506716032,-0.044451658883243234,2.894305830899822,-0.3197961070736923,-0.019171246103039444,33.069842548857466
6.068369573412588,31.889248878024144,34.23791557022222,27.043834370441097,-2.441556576535093,-0.04956475748250468,5.651468074717056,-0.03893579659154213,3.0221446280373963,-0.28011364454346854,-0.01635491159219128,33.56489778116576
6.1179527283495565,32.17318810045708,34.019498384753696,26.86240831076986,-2.4544173923352504,-0.041220267644622534,5.801354438430737,-0.03323954018882731,3.1444243193229475,-0.23913338265343384,-0.013601849433193081,33.56489778116576
6.166206653444099,32.456791621619004,33.79923406399125,26.683761770880334,-2.465000637783526,-0.03300569343786896,5.953117828364116,-0.027311662703907245,3.2595137424334237,-0.1964867820424982,-0.0108914481529758,33.87708056981991
6.213137272835913,32.739767580671845,33.57778401782062,26.507593469381742,-2.4737898249962638,-0.029172873688367428,6.106101275077859,-0.02476042045044537,3.316293807464344,-0.17813252122622567,-0.009626750921895667,34.372135802128206
6.258796427004305,33.02202612795384,33.355452111188086,26.333701517851818,-2.4817813440588616,-0.027546673264375994,6.2575247761373785,-0.023959984672827155,3.348125937732349,-0.1723739904519939,-0.009090151793282698,34.372135802128206
6.3032671481747675,33.30361550973984,33.1323068467274,26.161949455612692,-2.4892923857066567,-0.025882948035720204,6.406422761088238,-0.02304857793139418,3.382359708274953,-0.165817107420102,-0.008541165148784342,34.684318590782354
6.346627734014867,33.58458320715431,32.90841258825784,25.992201972524576,-2.4963161039338684,-0.024184734279975608,6.553088292978716,-0.02202937317196838,3.418881392641151,-0.1584846990789092,-0.00798079286771582,34.9965013794365
6.388947816182971,33.86497359927403,32.68383369959865,25.824323758447665,-2.5028462411659826,-0.02245490733417374,6.697780037055654,-0.020905326180670127,3.4575268829406762,-0.15039803007676347,-0.007409983795181354,35.49155661174479
6.4302896481801985,34.144828156077814,32.458634544569044,25.658179503242156,-2.508877092585433,-0.02069617746767138,6.840724851514542,-0.01967918291928924,3.4980829990007765,-0.14157685553445493,-0.006829632375503021,35.80373940039894
6.470709175035311,34.42418563786978,32.232879486988296,25.49363389676826,-2.5144034706683023,-0.018911089374144423,6.98211989507411,-0.018353489576586637,3.5402887575427546,-0.13203949335673837,-0.006240578479470939,36.29879463270723
6.510256928877058,34.703082300525736,32.00663289067564,25.33055162888617,-2.5194206704989885,-0.017102025019055552,7.122134362182993,-0.016930605887106907,3.5838364638034097,-0.1218029200511288,-0.005643608338623716,36.29879463270723
6.5489787841668585,34.981552105953746,31.779959119450314,25.16879738945609,-2.523924436385286,-0.015271209565526755,7.260910924389936,-0.015412722038454403,3.6283725156832354,-0.11088289236298131,-0.005039456495306857,36.610977421361376
6.58691659879566,35.25962693720365,31.552922537131565,25.008235868338225,-2.52791093024773,-0.013420720096668578,7.398566932999484,-0.013801879333471276,3.6734978391761426,-0.09929409592425377,-0.004428808675611117,37.10603265366967
6.624108761607922,35.537336817702226,31.32558750753864,24.84873175539277,-2.531376702211205,-0.011552496854328832,7.5351954212173,-0.012099994674650859,3.718767901379058,-0.08705032140036588,-0.003812305492887125,37.10603265366967
6.660590662663215,35.81471013413191,31.098018394490786,24.69014974047993,-2.5343186637800796,-0.009668356721182852,7.670865931841784,-0.010308888878328695,3.7636922721690738,-0.07416466818941508,-0.003190546891793746,37.60108788597796
6.69639509930509,36.09177386250927,30.87027956180724,24.532354513459907,-2.536734063935988,-0.0077700086834164,7.8056251879007315,-0.008430318793038061,3.8077337265504236,-0.06064977548948245,-0.0025640972462125894,38.09614311828626
6.7315526286116745,36.368553797054595,30.642435373307244,24.375210764192897,-2.5386204684549054,-0.005859071023377237,7.939497617490678,-0.006466013179882904,1.743693655933399,-0.04651808043081224,-0.001933491028331285,38.2790155619404
6.766248946573362,36.645074781475216,30.414550192810054,24.21858318253911,-2.5399757427016483,-0.003937090004058013,7.999998802045893,-0.004378043428925525,0.0,-0.03149671531601097,-0.001299238970290705,38.2790155619404
6.800784716677932,36.92136094231178,30.186688384134904,24.062336458358736,-2.5407980381231305,-0.0020055598188383123,7.999999689142889,-0.0022301824318896914,0.0,-0.01604447792726397,-0.0006618346435832319,38.95694323790284
6.8352940893911915,37.197435924017846,29.958914311101044,23.906335281511982,-2.5410857826270736,-6.594358944416128e-05,7.999999999663926,-7.332927145882684e-05,0.0,-0.0005275487155311282,-2.176138451313813e-05,38.95694323790284
6.869779989571396,37.47332312545947,29.73129233752771,23.75044434185905,-2.540837674999877,0.0018803047983659796,7.999999726758866,0.00209089886436802,0.0,0.015042437873151222,0.0006205005038255453,39.45199847021114
6.904245341080332,37.74904593753097,29.503886827234155,23.594528329260143,-2.540052683486107,0.003831718229075934,7.999998865311562,0.004260870066387353,0.0,0.0306537414848011,0.0012644663416866988,39.45199847021114
6.938693096587346,38.02462798158708,29.276762144039616,23.438451933575458,-2.5387300486199176,0.0057867934708685335,7.999997411993596,0.0064349122579058695,0.0,0.04629433279068971,0.0019096395240743673,40.129926146173574
6.973126267437569,38.30009334838886,29.049982651763344,23.282079844665198,-2.5368692903687466,0.00774396808376505,7.99999536535661,0.008611287520363,0.0,0.06195170877958991,0.0025555039046364922,40.129926146173574
7.007547953545427,38.57546683725173,28.823612714224573,23.125276752389563,-2.534470219616384,0.00970159734918886,7.999992725963243,0.010788166443099188,0.0,0.07761270822373516,0.0032015161869876994,40.62498137848187
7.041961373272451,38.85077419506791,28.597716695242557,22.967907346608754,-2.531532953979812,0.011657931463911203,7.99998949655581,0.012963602767537141,0.0,0.09326332926285712,0.003847098403746509,40.80785382213602
7.076369893245688,39.12604235485381,28.372358958636536,22.809836317182974,-2.5280579379171786,0.013611093262322215,7.999985682260864,0.015135508619370814,0.0,0.10888855121849504,0.004491630570488501,41.302909054444314
7.110777058069421,39.401299673443674,28.147603868225755,22.650928353972425,-2.5240459670458857,0.0155590567562786,7.999981290826675,0.017301630650486347,0.0,0.12447216295313918,0.005134443610153785,41.485781498098454
7.145186619878527,39.67657616791653,27.92351578782946,22.49104814683731,-2.519498216546074,0.017499626810699574,7.999976332889469,0.019459527444479256,0.0,0.1399966003199946,0.005774812652969356,41.668653941752595
7.179602567676773,39.95190375030249,27.70015908126689,22.330060385637825,-2.5144162734776616,0.019430420304615864,7.999970822262959,0.021606548574671345,0.0,0.15544279550123266,0.006411950827324288,42.16370917406089
7.214029156397568,40.22731646006884,27.47759811235728,22.16782976023417,-2.5088021727859773,0.02134884916020742,7.999964776244245,0.023739815740006512,0.0,0.17079004129501088,0.00704500366783375,42.34658161771504
7.248470935618392,40.50285069383544,27.255897244919897,22.00422096048655,-2.5026584367143387,0.023252105654854114,7.999958215927663,0.02585620644029239,0.0,0.18601587367116823,0.007673044277505203,42.52945406136919
7.282932777853294,40.77854543171466,27.035120842773967,21.839098676255166,-2.4959881172771117,0.025137150461377735,7.999951166516593,0.02795234068573987,0.0,0.20109597615640193,0.008295069390819292,43.024509293677475
7.31741990634059,41.054442459613036,26.815333269738748,21.67232759740022,-2.4888306676265284,0.027000703887156564,7.999943657621621,0.03002457126405949,0.0,0.21600410981337761,0.008909996492895528,43.20738173733162
7.351937726166795,41.33058501822267,26.596594093560427,21.503781207701998,-2.48150426627796,0.026187705613186892,7.999946999474413,0.02912053571512339,0.0,0.2095002569433337,0.008641727726077615,43.39025418098577
7.38648809473784,41.60698796679103,26.378871280157384,21.333500949007256,-2.4746820325351764,0.02313643677162496,7.999958630604799,0.025727584647531866,0.0,0.18509053703260334,0.007634875782160488,43.88530941329406
7.421069064620361,41.88363572585121,26.162050519344326,21.161679121891307,-2.4686960168739445,0.02010578987841961,7.999968758683482,0.022357551034545595,0.0,0.16084569089601145,0.006634813301683699,44.06818185694821
7.455678018409512,42.160507356164416,25.94601457675087,20.988513388618088,-2.4635424918151463,0.01709458216886012,7.999977415798864,0.019009121708392456,0.0,0.13675627128339893,0.005641152276253205,44.4339267442565
7.490311860992468,42.43757809682807,25.730646218006623,20.81420141145153,-2.4592179694319696,0.014101034954527015,7.999984632956566,0.01568032074935493,0.0,0.11280806294499951,0.0046533079482510035,44.4339267442565
7.524967091607375,42.71481994174733,25.51582820874119,20.638940852655576,-2.455719308145546,0.011122874106711299,7.99999043856985,0.012368621223931812,0.0,0.08898288650310655,0.0036705319710054573,44.9289819765648
7.559639875262049,42.992202210984715,25.30144331458418,20.46292937449415,-2.453043801318997,0.00815742520550735,7.99999485725046,0.009071050997252509,0.0,0.06525935969246408,0.0026919438153531023,45.294726863873095
7.594326113582494,43.269692117548274,25.087374301165198,20.28636463923119,-2.451189248432552,0.005201703876386418,7.999997908871738,0.00578429319857893,0.0,0.04161362013366136,0.001716560593211005,45.47759930752724
7.629021515183779,43.54725533035855,24.873503934113852,20.109444309130645,-2.4501540095462797,0.002252502070595515,7.99999960787913,0.002504782179730036,0.0,0.01802001568151105,0.0007433255463925578,45.47759930752724
7.663721665673106,43.82485653427316,24.659714979059753,19.932366046456433,-2.449937043643842,-0.0006935287819185873,7.999999962827774,-0.0007712040019100479,0.0,-0.00554823022956869,-0.00022886449403723927,46.15552698348967
7.698422097407387,44.102459988147416,24.44589020163251,19.755327513472494,-2.4505379313118865,-0.0036397966996235672,7.999998976132489,-0.004047453411974334,0.0,-0.02911836987031895,-0.001201132333243345,46.33839942714382
7.73311835913547,44.38003008197208,24.23191236746172,19.578526372442767,-2.451956882053922,-0.006589689037365937,7.9999966440215715,-0.00732773113558618,0.0,-0.052717490184073235,-0.002174593954541641,46.52127187079797
7.767806085658434,44.657531894155795,24.017664242177,19.40216028563119,-2.454194726370106,-0.009546492186836926,7.999992956692309,-0.010615689965558088,0.0,-0.07637187025581357,-0.003150331999695198,47.01632710310626
7.802481067640319,44.934931750010875,23.80302859140795,19.22642691530169,-2.457245713762393,-0.012513309952632938,7.999987898672607,-0.013914779618883018,0.0,-0.100106328193403,-0.004129368813307557,47.19919954676041
7.837139369751768,45.21219816690247,23.58788913808033,19.05152213675692,-2.4609111857044583,-0.014253201487627553,7.9999842995116,-0.015849528948512617,0.0,-0.1140253881187958,-0.004703521805088499,47.5649444340687
7.871779790283774,45.48932153115852,23.372179271168502,18.8775491149016,-2.4647883545734217,-0.013733553397940353,7.999985423466812,-0.015271683552433706,0.0,-0.10986822699592594,-0.004532041592592191,47.5649444340687
7.906404811492675,45.76632170082973,23.15590519768127,18.704475086997007,-2.4685193370979874,-0.013208582096479567,7.9999865165542055,-0.014687918535774381,0.0,-0.10566847867463582,-0.0043588044870631285,48.059999666376996
7.9410171483474015,46.04322039566754,22.939078925903097,18.53225646120508,-2.472103108938847,-0.012678715776569996,7.999987576638788,-0.01409871004934089,0.0,-0.10142956870029417,-0.004183951792107223,48.42574455368529
7.975619459305851,46.32003888333514,22.72171246411844,18.360849645687743,-2.4755387251360115,-0.012144375972769456,7.999988601726556,-0.013504526840656013,0.0,-0.0971548693572375,-0.004007622615348337,48.60861699733944
8.010214348397895,46.59679799607149,22.50381782061177,18.19021104860692,-2.478825318650122,-0.011605977154049665,7.999989589965548,-0.012905829801514768,0.0,-0.0928476964137753,-0.003829953734109507,48.60861699733944
8.044804367352818,46.873518147710875,22.28540700366754,18.020297078124553,-2.4819620988660094,-0.01106392638500487,7.999990539646245,-0.01230307159118202,0.0,-0.08851130641138144,-0.0036510794835377613,49.286544673301876
8.079392017768047,47.15021935103272,22.066492021570216,17.851064142402564,-2.4849483500699607,-0.010518623052495716,7.999991449201362,-0.01169669633234999,0.0,-0.08414889447733806,-0.0034711316663180057,49.469417116956016
8.113979753316034,47.42692123541661,21.847084882604257,17.682468649602882,-2.4877834299095647,-0.009970458654856231,7.999992317205089,-0.011087139376662657,0.0,-0.07976359263786083,-0.0032902394830290993,49.652289560610164
8.148569981986235,47.70364306477822,21.627197595054124,17.51446700788744,-2.4904667678462746,-0.009419816650554134,7.99999314237184,-0.010474827136349809,0.0,-0.07535846860683314,-0.0031085294821167693,50.14734479291846
8.183165068359195,47.98040375576189,21.406842167204285,17.347015625418162,-2.4929978636096104,-0.008867072362998264,7.999993923554564,-0.009860176978294957,0.0,-0.07093652502370472,-0.0029261255283931447,50.33021723657261
8.217767335909734,48.25722189616622,21.186030607339195,17.18007091035699,-2.4953762856608606,-0.008312592938028218,7.999994659742669,-0.009243597176684812,0.0,-0.06650069911284037,-0.0027431487889202433,50.6959621238809
8.25237906933641,48.53411576357961,20.964774923743313,17.01358927086584,-2.4976016696749967,-0.007756737350498319,7.999995350059611,-0.008625486920251217,0.0,-0.06205386273562026,-0.002559717735094107,50.6959621238809
8.287002516914324,48.81110334420294,20.743087124701113,16.847527115106644,-2.4996737170474264,-0.007199856456278933,7.999995993760196,-0.008006236370017314,0.0,-0.05759882280587995,-0.002375948159716812,51.19101735618919
8.321639892868632,49.08820235183739,20.520979218497047,16.681840851241347,-2.501592193432138,-0.006642293085938868,7.999996590227661,-0.0073862267633937155,0.0,-0.053138322038803705,-0.0021919532078239425,51.55676224349748
8.356293379765905,49.365430247015574,20.298463213415573,16.516486887431856,-2.503356927318382,-0.00608438217634186,7.99999713897054,-0.0067658305604362135,0.0,-0.04867504000313823,-0.002007843420024917,51.73963468715163
8.390965130920826,49.64280425625495,20.075551117741163,16.351421631840115,-2.504967808650033,-0.005526450936383996,7.999997639619397,-0.006145411628069668,0.0,-0.04421159444654437,-0.0018237267871114575,52.05181747580578
8.425657272815563,49.92034139141283,19.85225493975828,16.186601492628053,-2.5064247874936068,-0.004968819043115795,7.999998091923434,-0.005525325458101447,0.0,-0.03975054286403918,-0.0016397088146949982,52.41756236311407
8.460371907529325,50.19805846912294,19.628586687751376,16.021982877957598,-2.5077278727589043,-0.0044117988645292145,7.999998495747027,-0.00490591941488833,0.0,-0.035294384279772155,-0.0014558925966458348,52.60043480676821
8.495111115175671,50.4759721302937,19.404558370004914,15.857522195990672,-2.5088771309761255,-0.003855695705343953,7.999998851066211,-0.004287533008580945,0.0,-0.03084556121281255,-0.0012723788961246133,52.96617969407651
8.529876956345117,50.75409885964926,19.18018199480336,15.693175854889217,-2.509872685132632,-0.003300808072196908,7.999999157965146,-0.003670498189946995,0.0,-0.02640646179817982,-0.0010892662330196435,52.96617969407651
8.564671474550778,51.032455005294565,18.955469570431173,15.528900262815158,-2.510714713572312,-0.002747427954720992,7.999999416632582,-0.0030551396628661098,0.0,-0.021979422035007985,-0.0009066509766306447,53.4612349263848
8.599496698674713,51.31105679828604,18.730433105172814,15.36465182793042,-2.511370344167782,-0.002195841119093197,7.999999627358355,-0.0024417752106932387,0.0,-0.01756672813448373,-0.0007246274424704118,53.826979813693086
8.634354070514465,51.58991577300405,18.505093761884133,15.2003822076502,-2.511722775070163,-0.00034689299103463994,7.999999990700049,-0.0003857450055820935,0.0,-0.0027751439250510317,-0.00011447468654138843,54.009852257347234
8.669239841059579,51.869001937364956,18.27955514449592,15.036000276756644,-2.5114975975317537,0.001950641746499919,7.999999705934147,0.0021691135423751295,0.0,0.015605133398382225,0.0006437116874344841,54.322035046001375
8.704147517514894,52.14826334900748,18.05396450542659,14.871392258735446,-2.5106311219352557,0.004242425273137616,7.999998609029623,0.0047175760834778134,0.0,0.033939396284013046,0.0013999994254691556,54.68777993330966
8.739070618629132,52.427648157921396,17.828469495219935,14.706444170465929,-2.509124071855109,0.0065322825923685495,7.999996702238434,0.007263895248388273,0.0,0.052258239197037926,0.002155649916498318,54.87065237696381
8.774002742698329,52.70710515047497,17.60321776441975,14.541042028827409,-2.5069764631450777,0.008823944627446853,7.999993982520075,0.00981221904511146,0.0,0.07059150392166517,0.002911893496927791,55.05352482061796
8.808937610619484,52.98658409384419,17.378356963569825,14.375071850699207,-2.5041876224683897,0.011121019691270075,7.999990441757759,0.012366559121353699,0.0,0.08896805123276043,0.0036699200221532204,55.54858005292625
8.843869109110386,53.266036081771425,17.154034743213952,14.208419652960643,-2.5007562118223263,0.01342696352219708,7.999986067018022,0.014930757432891087,0.0,0.10741552109993588,0.004430868965604949,55.73145249658039
8.878791334205673,53.545413882533694,16.930398753895926,14.040971452491034,-2.4966802592818036,0.015745047225937853,7.999980840861942,0.01750845058428973,0.0,0.1259600761459693,0.005195818827689266,56.097197383888684
8.913698635132821,53.82467228995088,16.707596646159537,13.872613266169704,-2.491957196286709,0.018078322497723256,7.999974741718797,0.020103031146266152,0.0,0.14462612335443273,0.00596577564830328,56.40938017254283
8.948585658664218,54.10376847820205,16.485776070548575,13.703231110875961,-2.486583901892634,0.02042958354042975,7.999967744335563,0.022717605300156898,-0.7340998611577003,0.16343600935364674,0.006741660430362333,56.59225261619697
8.98350333446383,54.38266236114283,16.26508467760683,13.53271100348913,-2.480556754490515,0.022801325146801443,7.974326888102576,0.025273705608148636,-1.7999999999999987,0.18182522020250816,0.007524295299186438,56.95799750350527
9.018586033051541,54.66131695672692,16.0456701178781,13.360938960888532,-2.473871691579409,0.02519569648172596,7.911169564835536,0.027706512376777927,-1.7999999999999952,0.19932742717106422,0.008314388245079542,57.140869947159416
9.053916269236264,54.93969875702822,15.827680041906174,13.187800999953485,-2.4665242782418346,0.027614450188725704,7.847565846079704,0.030122164046144522,-1.8000000000000023,0.21670621615931307,0.009112516325664887,57.45305273581356
9.089496300105122,55.21777810423504,15.61126210023484,13.013183137563306,-2.4585097850230384,0.030058886559115587,7.783511661901965,0.03252095347665635,-1.8000000000000034,0.2339636940766644,0.00991910724238742,57.818797623121846
9.125329049332901,55.49552957284267,15.396563943407894,12.836971390597313,-2.4498232759487384,0.03252979264884352,7.719001744265009,0.03490255614138331,-1.7999999999999952,0.2510975261970022,0.010734419254097276,58.00167006677599
9.161418187549753,55.77293235810228,15.183733221969131,12.659051775934829,-2.4404597074260033,0.035027376413347244,7.654029483626923,0.037265979480458275,-1.800000000000003,0.2681005718018581,0.011558519451915987,58.36741495408428
9.197768218298467,56.04997067059156,14.972917586462337,12.47931031045517,-2.4304140387545607,0.0375511961612478,7.588586775621394,0.03960951097312339,-1.8000000000000014,0.2849605105980099,0.012391260495764535,58.55028739773842
9.23438457000448,56.326634136552826,14.764264687431302,12.297633011037652,-2.419681354923667,0.04010008590920705,7.522663857058333,0.04193066590384353,-1.7999999999999896,0.30165946693412604,0.01323225600591399,58.86247018639257
9.27127369439923,56.602918203396726,14.557922175419833,12.113905894561606,-2.4082570022765606,0.04267207755741503,7.456249130446245,0.04422613612427166,-1.7999999999999912,0.3181736411818105,0.014080854914205075,59.22821507370086
9.308443171856457,56.87882454949251,14.354037700971698,11.928014977906335,-2.396136737483136,0.04526432120041554,7.389328976194447,0.046491741472526445,-1.7999999999999976,0.3344729602340032,0.014936115209961676,59.411087517355
9.345901824122222,57.15436149705802,14.152758914630715,11.739846277951171,-2.3833168900638304,0.04787300534054223,7.321887551603654,0.04872238589864723,-1.8000000000000145,0.35052076186077136,0.015796777664804817,59.776832404663296
9.383659834944012,57.42954442662647,13.95423346694066,11.54928581157543,-2.369794538445607,0.05049327927578831,7.253906575695129,0.050912020748820154,-1.7999999999999905,0.36627353056705136,0.016661240286762597,60.08901519331744
9.421728879133724,57.70439619120168,13.75860900844532,11.35621959565842,-2.3555676991993177,0.05311918047906592,7.185365098859581,0.05305361806370818,-1.7999999999999914,0.38168070549430344,0.01752753443346805,60.27188763697158
9.460122260635767,57.97894752782399,13.566033189688506,11.160533647079477,-2.3406355286978866,0.05574357035258351,7.116239256223075,0.05513915712388717,-1.8000000000000014,0.3966845836250875,0.018393303700558167,60.63763252427987
9.498855060217718,58.25323746385991,13.376653661213988,10.962113982717902,-2.3250706544087385,0.058358082301504,7.046502003524836,0.057159627796458716,-1.799999999999996,0.4112203438594152,0.01925578688537832,60.82050496793402
9.537944970103688,58.52731843542064,13.190600354547986,10.760856570307036,-2.30906227657908,0.05850291397970197,6.976141339987517,0.05672931894457103,-1.7999999999999958,0.4081245967235326,0.01930356357589625,61.1862498552423
9.57741630379039,58.80128295478886,13.00787433515196,10.556729747698283,-2.2931067350725813,0.05798166344927264,6.905099338383019,0.05565131128314681,-1.7999999999999983,0.4003691459219194,0.01913161442044471,61.49843264389645
9.617296586451967,59.07523781834679,12.828419717587927,10.349733835898093,-2.277301617609493,0.057385339031133666,6.833321702019587,0.05450641507850843,-1.800000000000016,0.39213248257919736,0.01893489864352068,61.68130508755059
9.657614352134981,59.34928787597359,12.65218036463458,10.139869297312282,-2.2616612002304657,0.056717331629688665,6.760757010277162,0.05329984154132889,-1.8000000000000063,0.38345209741963227,0.0187145343108868,62.047049974858886
9.698399207773772,59.62353587941627,12.479100139070647,9.927136594346713,-2.2461991437651188,0.055981359993170006,6.687351909479115,0.05203702059573329,-1.7999999999999994,0.37436705464556314,0.018471747623922768,62.22992241851303
9.739681916986438,59.89808240582462,12.30912290367483,9.7115361894072,-2.2309284468023742,0.055181422777479554,6.613050963061329,0.050723540984797075,-1.799999999999995,0.36491756104170553,0.018207857123319588,62.595667305821316
9.781494495503509,60.17302578959891,12.142192521225855,9.493068544899602,-2.215861405498701,0.05432174916073498,6.537796480760688,0.049365091128362716,-1.800000000000009,0.35514454049181804,0.01792425741380227,62.77853974947546
9.823870319810858,60.44846206270273,11.978252854502419,9.27173412322974,-2.2010095803877245,0.053406749003844005,6.461528323954208,0.04796740177163252,-1.799999999999984,0.3450892213786512,0.01762240273766215,63.14428463678375
9.86684425084017,60.7244849035086,11.81724776628325,9.04753338680347,-2.1863837702326827,0.05244096349366324,6.384183683830613,0.04653619134658364,-1.8000000000000014,0.3347927435006017,0.017303790705603252,63.14428463678375
9.91045277484546,61.00118559416558,11.659121119347045,8.820466798026613,-2.1719939928478276,0.05142901712325678,6.305696828531106,0.04507711483343432,-1.800000000000002,0.3242957901685922,0.016969946466465012,63.63933986909205
9.954734163974866,61.27865298640205,11.503816776472533,8.590534819305025,-2.15784947270982,0.05037557176361731,6.22599881473307,0.04359571676275772,-1.7999999999999878,0.3136382500917821,0.016622407564471274,64.00508475640034
9.999728659499855,61.556973475608785,11.351278600438414,8.357737913044526,-2.1439586350854616,0.04928528346833855,6.145017158339406,0.04209738884675209,-1.8000000000000036,0.30285891256656183,0.016262709695542932,64.18795720005448
10.045478681219215,61.836230982983686,11.201450454023416,8.122076541650976,-2.130329106321485,0.048162762532498585,6.062675457940833,0.0405873325765452,-1.8000000000000038,0.29199519839241145,0.015892373534662073,64.86588487601693
10.092029067239562,62.11650694546526,11.054276200006232,7.883551167530192,-2.116967719874868,0.04701253720445255,5.9788929634901375,0.03907052697636523,-1.8000000000000178,0.28108292788751965,0.015512892765941744,64.86588487601693
10.13942734918147,62.397880313132816,10.909699701165597,7.642162253088032,-2.1038805276097023,0.04583902132886013,5.893584081105159,0.03755170156921218,-1.7999999999999947,0.2701561263972099,0.015125723407424465,65.67312289697936
10.187724068915827,62.68042755371188,10.767664820280203,7.397910260730316,-2.0910728158477028,0.04464648608491197,5.806657803019926,0.03603531448553008,-1.7999999999999978,0.25924686680237463,0.014732274484964912,65.67312289697936
10.23697314425694,62.96422266378971,10.628115420128777,7.150795652862902,-2.0785491256357744,0.04343903587844694,5.718017049325566,0.03452553553853222,-1.7999999999999945,0.2483851477592246,0.014333900074862028,65.9853056856335
10.287232292706271,63.24933718632112,10.490995363490025,6.900818891891609,-2.066313534775007,0.042220588352729696,5.627557905142948,0.033026233998442456,-1.7999999999999992,0.23759880574419026,0.013931892703941035,66.42679881928765
10.338563519064717,63.53584020413687,10.356248461925032,6.647980501341112,-2.054963188020435,0.040067943190259386,5.535172760474915,0.030827835292382245,-1.7999999999999936,0.22178298771498012,0.013221650764289158,66.8682919529418
10.391017745081648,63.82371160891378,10.223673694066333,6.3924538361661325,-2.0453672025610397,0.026913419840103328,5.440802928530944,0.020353855274111567,-1.7999999999999956,0.146430613482817,0.008881195036596201,66.8682919529418
10.444596198615304,64.11263986999786,10.092608303436425,6.134963247149555,-2.0394985496881355,0.014138088360123388,5.344389463595365,0.010502763614944096,-1.7999999999999925,0.0755594504672237,0.0046655353066352954,67.56840577659594
10.499286582774968,64.4022352129566,9.962297720060475,5.876342647576348,-2.0372934786034844,0.0015863999417707402,5.245956964542547,0.0011567838294084128,-1.8000000000000074,0.008322185823082105,0.0005235119329589511,67.56840577659594
10.555074448793846,64.69209490695509,9.831987373963672,5.617425950731523,-2.038718228216259,-0.010899303448552595,5.145533028150108,-0.007795498897091728,-1.8000000000000012,-0.056082725878357755,-0.0035967546279642134,68.13920925525008
10.611945209430054,64.98181476489842,9.700922695171192,5.359047069900056,-2.0437693733647895,-0.02347546186248643,5.043144715100927,-0.016456231048262902,-1.7999999999999934,-0.1183901514263518,-0.007746747444716785,68.26851960025007
10.669886380728538,65.27100057098353,9.568349113708209,5.102039918366926,-2.052473324001565,-0.03629414759824564,4.938814607578102,-0.024915759219565764,-1.7999999999999958,-0.17925006632781126,-0.011976496052508742,68.71001273390422
10.728890153214909,65.55927967207082,9.433512059599915,4.847238409417145,-2.0648849876356166,-0.049499217589760815,4.832556280560858,-0.03324987792362836,-1.7999999999999927,-0.23920775484624715,-0.01633328920459556,68.96863342390421
10.788956412340013,65.84631296058176,9.295656962871474,4.595476456335678,-2.0810854645623826,-0.06322088193463354,4.724368985721735,-0.0415163495668122,-1.8000000000000016,-0.29867877386195824,-0.02085986489981943,69.15150586755836
10.850096350649828,66.13180745879912,9.154029253548083,4.34758797240754,-2.101178508122955,-0.0775677703352997,4.614231315967857,-0.049750273263741,-1.7999999999999985,-0.3579156349909425,-0.02559177572939193,69.41012655755836
10.912336841628601,66.4155296830716,9.007874361654908,4.104406870917694,-2.1252853485778753,-0.09261558016752937,4.502093578561656,-0.05795799721583248,-1.800000000000004,-0.41696400874699624,-0.03055363038463452,69.85161969121249
10.975725778578791,66.69731991456185,8.85643771721714,3.866767065151153,-2.153537357058513,-0.1083915247467852,4.387868551243025,-0.06610947900942014,-1.800000000000002,-0.4756077626576989,-0.0357539600654474,69.98093003621248
11.040338623033357,66.97710742149535,8.69896475025995,3.6355024683928847,-2.186065936128544,-0.12485422215663763,4.271420220154965,-0.0741293740237299,-1.7999999999999998,-0.533304849091582,-0.04117860230705778,70.42242316986662
11.106286459390844,67.25492655539294,8.534700890808525,3.4114469939278984,-2.2229890050911094,-0.14186958064463423,4.152549984663016,-0.08188775296527338,-1.8000000000000005,-0.5891205249300243,-0.04678280161771823,70.55173351486661
11.173725922549341,67.53093346989432,8.362891568888035,3.1954345550411634,-2.2643935647497884,-0.15918486115322777,4.03097963624228,-0.0891922597852335,-1.643670731268028,-0.6416709337067159,-0.05248276414587344,70.86391630352075
11.242776093177483,67.80542297926911,8.182782214523673,2.988299065017688,-2.3103141662392916,-0.17640552679912924,3.917293079786782,-0.09605346876192553,-1.4352141578119468,-0.6910321493663707,-0.05814819793810475,71.1760990921749
11.313468992064266,68.07884478936755,7.993618257740602,2.7908744371424423,-2.360707773173868,-0.19298245822707322,3.815638548636977,-0.10235283164825047,-1.2385749027934025,-0.7363513068219457,-0.06359832587805005,71.67115432448318
11.385833520715195,68.35181802135754,7.794645128564024,2.603994584700435,-2.415426572712991,-0.20821968236386973,3.72582201894527,-0.10783473734874435,-1.0893231443551874,-0.775789477329096,-0.06860466060907602,72.03689921179148
11.45996540005839,68.62514266167605,7.585108257019097,2.4284934209766362,-2.4741917361623615,-0.22131313410678352,3.644904386964872,-0.11212646466242769,-1.0579120208081971,-0.8066652133987603,-0.07290389818763723,72.21977165544563
11.536126697088179,68.89980639542883,7.364253073131018,2.265204859256052,-2.5365727193753793,-0.23142686918914743,3.5642130239751673,-0.1146547979153842,-0.6150870353649813,-0.8248546612617567,-0.07622290634647795,72.89769933140806
11.614381841761606,69.1769853205705,7.131325006924951,2.114962812823656,-2.601976476761576,-0.23780315695742954,3.5160026652197565,-0.11622019817873924,-0.035813174800389605,-0.8361165336599944,-0.07831454263230217,72.89769933140806
11.6943055576915,69.45803641131764,6.885570536120817,1.9786013237956532,-2.669056026525106,-0.23819060196479824,3.5131356534536287,-0.11631462955513597,0.9202848053972799,-0.8367958960801146,-0.07844161565118735,73.52206490871635
11.774741891717756,69.74375212515501,6.6270006858037664,1.857048447891288,-2.736235361507606,-0.22846663405567524,3.5872765378687874,-0.11392064644869514,0.35215096539814755,-0.8195729960337779,-0.07525162162411679,73.52206490871635
11.85500659537998,70.0329633188207,6.357740598933288,1.7514922061997937,-2.8021454872308835,-0.2249101928280292,3.6155838512187617,-0.11303225090172932,-0.6896169372601991,-0.8131816611635202,-0.07408452734221177,74.22217873237048
11.93612999077174,70.32414586756005,6.080277785367678,1.6631651787472668,-2.8681586461415614,-0.22702694906535822,3.5596342375077867,-0.112330473201468,-1.4019356934701843,-0.8081329007299856,-0.07477919408851925,74.22217873237048
12.019391684129783,70.61581511124358,5.797099754965279,1.59329994555982,-2.9355762366635454,-0.23462886902875763,3.442848168992876,-0.11228302852586533,-1.4857502840541128,-0.8077915721285275,-0.0772733543878302,74.79298221102462
12.105397349508205,70.90658196197984,5.510694017584387,1.5431290866635536,-3.0056740245063254,-0.2477612649891394,3.3149304826524193,-0.11416228039289003,-1.5027979603505983,-0.8213113697330218,-0.08157975629139057,75.36378568967875
12.194202380048761,71.19521320362824,5.223548083083348,1.5138851820845767,-3.0797332174787577,-0.2666098052434729,3.1812559457700154,-0.11789340991026237,-1.4640819724017635,-0.848154028131384,-0.08775527222092519,75.49309603467876
12.285810805940077,71.48069973852226,4.938149461320457,1.5068008118489933,3.1241332483271633,-0.29135735204517926,3.046819857781498,-0.1233921578631423,-1.370370825389058,-0.8877133659218869,-0.09585328135989447,75.75171672467874
12.380172004647559,71.76233607225855,4.656985662154057,1.523108555982909,3.0382568522792814,-0.32194805616889177,2.9170881430693236,-0.13054196916949423,-1.2053534544221245,-0.9391508573344908,-0.10584580380207599,76.06389951333288
12.477138835450361,72.03981324821143,4.382544195442456,1.564040994512429,2.9445864284642598,-0.3577145097501434,2.799669617641321,-0.1392060598184342,-0.8076762887838961,-1.0014824447369366,-0.1175020123398276,76.37608230198703
12.576124172722345,72.31332500360263,4.1173125710439615,1.6308307074636617,2.8423373834734815,-0.3968601591477217,2.71904628359564,-0.14999227857645242,-0.45739672741766163,-1.079081140837787,-0.13022272111024263,76.68826509064118
12.676254608983317,72.58370527093334,3.863731645996809,1.724650766161459,2.7339434600714556,-0.41055368338187753,2.673031850578959,-0.1525418070152653,0.6955875734409266,-1.0974230720522682,-0.13466277306814178,76.87113753429533
12.775497693421293,72.85284229285556,3.6231294678293886,1.8452547811454443,2.6260313503583173,-0.3901741856473845,2.7423829254412304,-0.14873097642875807,0.8146936871317323,-1.070007024667324,-0.12805294139255363,77.18332032294947
12.872448207681451,73.1229372738117,3.395698706892924,1.990948115644861,2.5237749551388773,-0.36304827013757257,2.8218073866251183,-0.14239886836221863,0.9823822394994808,-1.0244522903756736,-0.11923760572279789,77.54906521025777
12.967429557901088,73.39572865878473,3.1815808666146683,2.159970866155202,2.428147827924254,-0.33274363631315695,2.915589249216651,-0.1348499838604055,1.1737735295525746,-0.9701437687798957,-0.10936724920240587,77.73193765391191
13.060507345439344,73.67247984183547,2.9809174504219147,2.350563129171933,2.3395293634646883,-0.3021554809986467,3.0252912424630845,-0.12706105794331232,1.3403571036448965,-0.9141083305274268,-0.09938281138763015,78.04412044256605
13.151648055585419,73.95401703843652,2.7938499617419192,2.5609650011905503,2.257819081690837,-0.2732692540924063,3.147849356460408,-0.11956925194329239,1.4785485345924865,-0.860210445635197,-0.08993558812984995,78.40986532987435
13.240814822664365,74.24078076031512,2.6205199040019713,2.7894165787065157,2.1825831210192685,-0.24723214147659722,3.2800205813305015,-0.1127187852249418,1.5890240860040934,-0.8109265124096532,-0.08140630257786362,78.5927377735285
13.327977704975694,74.53288177638434,2.4610687806293305,3.034157958215328,2.1131892628364746,-0.2245607897067191,3.4187956558016994,-0.10671411587146952,1.672938219370801,-0.7677274523127303,-0.07396985502243204,78.90492056218264
13.413115545239272,74.83015552211707,2.3156380950512845,3.293429236212448,2.0489102683585827,-0.2053633818862211,3.5614403642327126,-0.10166313182430459,1.730984763430126,-0.7313894375849249,-0.06766645063414066,79.21710335083678
13.496216403370418,75.13221170472211,2.184369350695094,3.5654705091933763,1.9889927024597918,-0.1895197641050874,3.7054518939188035,-0.0976136352685155,1.762922469074138,-0.7022563688382409,-0.062460170478890034,79.39997579449093
13.577278008919464,75.43847785737097,2.0674040509880443,3.84852187365357,1.9326969620674914,-0.17680737675709948,3.8484806786722765,-0.09458112848820338,1.767163868434725,-0.6804397732964271,-0.05828035952749871,79.71215858314507
13.656308781580464,75.74823682827312,1.9648836993573988,4.1408234260885335,1.8793164587972366,-0.16698096570255275,3.988228926954005,-0.09256820615552334,1.74023725664498,-0.6659583176656354,-0.05504804739715174,80.20721381545336
13.733329819941737,76.06065884456923,1.8769497992304403,4.440615262993722,1.8281830386836324,-0.1598194177976805,4.1223208724409925,-0.09157694213141565,1.675883403025333,-0.6588269218087458,-0.052691589284078126,80.5193966041075
13.808378411066137,76.37482907871754,1.8037438540344355,4.746137480864641,1.7786638950619107,-0.15515182737300165,4.248122842106322,-0.09161545903823215,1.563270965580882,-0.6591040218577852,-0.051155433758284255,80.83157939276164
13.881514142393456,76.68977173089489,1.7454073671966635,5.055630176196745,1.7301534685276976,-0.15287178446440658,4.362456813250138,-0.09269862151897354,0.32169744886086177,-0.6668965576904571,-0.0504049581632827,81.14376218141578
13.953445357655774,77.00447163430508,1.702081842144394,5.367333445485539,1.6820624716100856,-0.15294589387030433,4.38559071949727,-0.09323537489125214,-1.0543093276984514,-0.670758092742821,-0.05042935215516716,81.45594497006994
14.025519966742316,77.31789435747062,1.6739087823049041,5.6794873852264764,1.6338052539184944,-0.15542024144431402,4.309587201672907,-0.09310179459389671,-1.4947406953001507,-0.6697970834093289,-0.05124377840979678,81.76812775872408
14.098620139378777,77.62900575659711,1.6610296911054652,5.990332091915066,1.5847861647210424,-0.16042685042198004,4.200282752811529,-0.09366350047522917,-1.500295130837531,-0.6738381329153178,-0.05289148391710794,82.20962089237821
14.172863604242973,77.93679194318291,1.6635860719733517,6.2981076620467595,1.5343853005653714,-0.16819081439414937,4.088822599652546,-0.09559063400987829,-1.420281326807495,-0.6877024029487646,-0.055446080093145694,82.4682415823782
14.248048828018195,78.24028068876437,1.6817194283358385,6.601054192117062,1.4819440078724249,-0.17903734414952358,3.981922805236229,-0.0990948908284502,-1.1971636075878938,-0.712912883657915,-0.059013720561447366,82.90973471603235
14.323797637112424,78.53856539475986,1.7155712636201979,6.897411778621431,1.4268411597457047,-0.1933958862387321,3.8910662711457156,-0.10459975317913915,-1.138561984585643,-0.7525162099218643,-0.06373420485897452,83.16835540603233
14.399736800750443,78.83087355376675,1.765263954126967,7.185465065935078,1.3695549901916126,-0.20316565755837393,3.8044937613193053,-0.10743900426062836,0.054799599489218316,-0.772942476695168,-0.06694448207656649,83.55628644103231
14.475002874813146,79.1174922412481,1.8304597331027515,7.464570390888355,1.3119044617168722,-0.20272603350908358,3.8086232284975536,-0.10732288415389782,0.45659585746663434,-0.7721070802438692,-0.06680005393917314,83.99777957468645
14.54873182790907,79.39965052769966,1.9103491694387102,7.7351826163608965,1.255594718853424,-0.19919059840990128,3.842326907881064,-0.10638440005335396,0.8787618246434151,-0.7653553960672947,-0.0656384689557397,84.12708991968645
14.62068701708311,79.6785067558647,2.0041014001971824,7.997806520859783,1.2012098195263698,-0.19279536087179155,3.905628671306813,-0.10466520538709798,1.1698771626222126,-0.7529870891158128,-0.06353683290483986,84.69789339834058
14.69074392456399,79.9550921163666,2.110885562440494,8.252946882892058,1.1492700023812896,-0.18392603785166925,3.987685859057148,-0.10194805717523807,1.234866770997455,-0.7334392602535112,-0.060621223529025256,85.19294863064889
14.75901540680849,80.2303041508133,2.229870793230988,8.501108480964813,1.1002131716249752,-0.1730595431992569,4.072117010971814,-0.09795590065840608,1.3816181480936103,-0.7047187097727056,-0.05704768253756817,85.19294863064889
14.825676611688781,80.50490466409235,2.3602262296309893,8.74279609358509,1.0543853775723189,-0.16070342869728307,4.164356521199466,-0.09302246560717556,1.5652785377091694,-0.6692263712746442,-0.05298249921618471,85.68800386295717
14.890807766105077,80.77952168021412,2.5011210087028424,8.978514499259983,1.012040087689706,-0.1473442343518303,4.266449027756874,-0.0873804964900367,1.7624055940926358,-0.6286366653959474,-0.048585332087689344,86.05374875026547
14.954445586015353,81.05465480362213,2.651724267508871,9.208768476496534,0.9733447095700781,-0.13341086295475174,4.378746571347328,-0.08119995786536144,1.9620090134920378,-0.5841723587436075,-0.043997173580992165,86.23662119391962
15.016607420701003,81.33068321447671,2.8112051431114202,9.434062803801833,0.9383921113020314,-0.1192541919857693,4.5008431603734405,-0.07460747359395652,2.1588174690302293,-0.5367444143450109,-0.03933358605750603,86.73167642622792
15.07730235193636,81.60787551578902,2.9787327725728114,9.65490225968293,0.9072147889134107,-0.10514065544622367,4.631996118609781,-0.06769454400296449,2.3500988693514735,-0.48701110793499636,-0.0346825033522471,86.91454886988207
15.136536644844849,81.88640072772255,3.1534762929553937,9.871791622646905,0.8797996779927068,-0.09125588348988796,4.771313367105603,-0.06052204792440442,2.53419631053861,-0.43541041672233394,-0.030105343111062038,87.22673165853621
15.194316688800622,82.16633985127675,3.334604841321487,10.085235671200811,0.85610216511029,-0.07771433546411387,4.9178362522717025,-0.05312390630106069,2.709777791807293,-0.3821863762666236,-0.025640110491874476,87.53891444719035
15.250650767420876,82.44769756722786,3.5212875547334392,10.295739183851733,0.8360584311071496,-0.06457157729763591,5.0705717738651,-0.04551065959626842,2.8753774299912576,-0.3274148172393411,-0.02130539627494483,87.7217868908445
15.305550269332794,82.73041377396908,3.71269357025357,10.503806939106722,0.8195957369270483,-0.05183687509620566,5.228497076333442,-0.037673024034261454,3.0290472282460854,-0.27102894988677306,-0.017104500533172556,88.03396967949864
15.359030645237237,83.01437478709444,3.907992024944231,10.709943715472866,0.8066406001667691,-0.039484744059050704,5.390546194936896,-0.02958536282153465,3.1680309588548483,-0.21284433684557297,-0.013029228205404413,88.39971456680694
15.411112281622035,83.2994241192947,4.106352055867736,10.914654291457206,0.7971250118281329,-0.0274648438946834,5.555583134765971,-0.021209068072099373,3.2884046464398353,-0.15258322354028325,-0.009063150325939908,88.71189735546109
15.461821401824494,83.58537283147737,4.30694280008644,11.118443445566832,0.7909909357463963,-0.015710120719172146,5.722362081378319,-0.012495960874520057,3.3846339252409106,-0.08989899909726658,-0.005184293390919315,89.07764224276939
15.511191084063405,83.87200949769917,4.508933394662659,11.321815956308795,0.7881933508377269,-0.00414339957115426,5.889473049739484,-0.0033919391750975056,3.4489849211300245,-0.024402440108615153,-0.001367321006380979,89.07764224276939
15.559262490987852,84.15910986112787,4.711492976658744,11.52527660219018,0.7887020673651692,0.007317210091068543,6.055268452107598,0.006158766327642811,3.4706837066597784,0.04430767142189071,0.0024146746369978836,89.57269747507767
15.606086437447061,84.4464462792902,4.913790683137012,11.729330161718035,0.7925024940954783,0.018753667298673497,6.21776156676121,0.016208210615407087,3.4346139920813714,0.11660583176551859,0.006188631200900996,89.75556991873182
15.651725499139697,84.73379706704536,5.1149956511598145,11.934481413399448,0.7995954675426452,0.030243668738223123,6.374478925743308,0.026797480432246133,3.3190560511520393,0.19278762900896498,0.009980079325180493,90.25062515104011
15.69625703419889,85.02095584679633,5.314277017789468,12.141235135741463,0.8099961861245852,0.04185620845784203,6.5222275275587425,0.03794640438541343,3.0910633957024882,0.2729957150029743,0.013811670475662566,90.25062515104011
15.739777904449504,85.30774100810557,5.510803920088326,12.350096107251169,0.8236142352545618,0.05364664142613514,6.656678611853287,0.04963807463049717,2.6944384179184833,0.3571084505791163,0.017701542544552876,90.92855282700255
15.782413274202725,85.59400779364807,5.703772084338971,12.561548135121747,0.8397509082932875,0.05922794142580556,6.771512587368332,0.055747722373537166,0.285344906293261,0.4010627508887566,0.019542732380763803,91.1114252706567
15.82456163772353,85.8796790950775,5.892742744751581,12.775786745002426,0.8569128737612159,0.06100095345944384,6.7835250322880585,0.05751840777519508,-1.8000000000000047,0.41380149478557615,0.020127596169649903,91.47717015796499
15.866815701368214,86.16471403182133,6.07754282763696,12.99279790722713,0.8745498405663924,0.06284341888216508,6.707455667357286,0.058591203013082765,-1.800000000000017,0.42151944613728604,0.020735355963369503,91.66004260161914
15.909453334182036,86.44907880365372,6.25800524656192,13.21256286989188,0.8926769398252729,0.06475387522182445,6.6306952425974215,0.0596814865198607,-1.7999999999999896,0.42936321237309844,0.021365527209882815,92.02578748892743
15.952483904159223,86.73274648968673,6.433962915093247,13.43506288109266,0.9113089477053918,0.06673018923993254,6.553226904598432,0.06078443193517385,-1.8000000000000131,0.43729807147607075,0.02201740399563636,92.20865993258158
15.995918471989125,87.01569740673163,6.605248746797746,13.66027918892549,0.9304601579512093,0.06876945645153502,6.475030762617506,0.06189452410125222,-1.8000000000000185,0.4452843460521742,0.022690025936562025,92.88658760854403
16.039769963615296,87.29791947801571,6.771695655242224,13.888193041486383,0.9501442376930067,0.07086789552210696,6.396083579756104,0.0630055006204339,-1.7999999999999952,0.45327698288081947,0.02338214339231301,92.88658760854403
16.08405336060735,87.57940861083479,6.933136553993468,14.118785686871325,0.9703740658366781,0.07302073922102781,6.316358432193291,0.06411029750461797,-1.7999999999999978,0.46122516190372637,0.024092181559677312,93.38164284085232
16.128785910355614,87.86016908135316,7.089404356618288,14.352038373176343,0.991161553590929,0.07522212424519431,6.2358243328153335,0.0652010014300595,-1.8000000000000014,0.46907195273424096,0.024818204209972296,93.38164284085232
16.173987358395355,88.14021392435393,7.240331976683472,14.587932348497425,1.0125174470347804,0.07746498294819269,6.154445815029067,0.06626881157623557,-1.8000000000000027,0.47675404011680256,0.025557878072821557,94.05957051681477
16.219680205528324,88.41956532529777,7.3857523277558315,14.82644886093059,1.0344511120719486,0.07974094080535722,6.072182471875581,0.06730401448383304,-1.7999999999999934,0.4842015430491584,0.026308439130089463,94.05957051681477
16.265889992852216,88.69825501156869,7.525498323402155,15.067569158571832,1.0569703026709216,0.08204022428610291,5.988988444740531,0.06829597578022147,-1.7674791034013764,0.4913379552533918,0.02706666235997319,94.55462574912306
16.312639600357663,88.97632463928106,7.65940287718925,15.311274489517173,1.0800809139554934,0.08435158465063614,5.906342921260528,0.06925110450087663,-1.6761297144968592,0.49820938489839295,0.027828836748597024,94.86680853777722
16.35993742170541,89.25382617150123,7.787298902683908,15.557546101862595,1.1037867224916895,0.0866622439801804,5.827048845103846,0.0701929328891357,-1.581880108759009,0.504985128698818,0.028590747645671738,95.17899132643137
16.40778090366215,89.53082224321442,7.909019313452936,15.80636524370413,1.128089117008193,0.08895787041200558,5.751349286578827,0.07111626204962275,-1.4848817211674639,0.51162778452966,0.029347668756786148,95.49117411508553
16.45616627173753,89.80738650785919,8.024397023063127,16.057713163137763,1.1529868237745797,0.09122258998935746,5.6794858445452086,0.0720155397880757,-1.385277664877084,0.5180974085473071,0.030094366206985832,95.80335690373967
16.505088457979703,90.08360395978066,8.133264945081287,16.311571108259514,1.178475631918014,0.09343904264442654,5.611698295149769,0.07288488856683356,-1.283203176301051,0.524351716308155,0.030825117143247368,96.2448500373938
16.554541033633715,90.35957122654166,8.235455993074206,16.567920327165375,1.2045481250478844,0.09558848949481845,5.548224170968611,0.0737181451355328,-1.1787860415598193,0.5303463678815309,0.03153374522967961,96.2448500373938
16.604516148579343,90.63539682470979,8.330803080608693,16.826742067951372,1.2311934266248292,0.09765097773857338,5.4892982710104095,0.07450891271353294,-1.0721470041696572,0.5360353432628269,0.03221367509224501,96.55703282604796
16.655004479594037,90.91120137253388,8.41913912125154,17.088017578713483,1.258396967489102,0.09960556788479913,5.435152103673784,0.07525062624390962,-0.9634001540149476,0.5413714118266879,0.03285800725870378,96.86921561470211
16.705995189564003,91.1871177528709,8.50029702856955,17.35172810754775,1.2861059210513255,0.10143062579662301,5.386013266628961,0.07593663076944941,0.39582650550652704,0.5463066961830892,0.03345961439511857,97.31070874835626
16.757169488619155,91.463288896222,8.574118240081415,17.617850126837347,1.314014375671834,0.10067204663819153,5.4062754030915565,0.07565225252313279,1.4957372520682144,0.5442608095189408,0.03320956133775466,97.75220188201041
16.80795808682681,91.73982204084572,8.640599904322645,17.886272868785944,1.3414940799784254,0.09790165500287909,5.4822634946672775,0.07460445103128138,1.567815665521738,0.5367226692897941,0.03229631255500646,97.75220188201041
16.85811195379942,92.01677606273687,8.699875303936421,18.156809293768433,1.368252468278364,0.09515278656910044,5.560916736852478,0.07355000455124648,1.63333027608252,0.5291367233902623,0.03139010554046076,98.32300536066455
16.907634408853028,92.2941932479651,8.752082307964661,18.42926979253908,1.3942988700946972,0.09244416627453525,5.641823877782764,0.07249596494626566,1.6918654432241418,0.5215537046493931,0.030497116492246734,98.8938088393187
16.956530426261264,92.5721012135214,8.79735878544927,18.703464755852114,1.419645943911875,0.08979186383398068,5.724569256846582,0.07144874430743549,1.7429890218974158,0.5140197432189603,0.029622647386254863,99.15242952931868
17.004806506626107,92.85051359106122,8.83584260543216,18.979204574461782,1.4443092126588188,0.0872094637520896,5.8087330274916855,0.07041413244451766,1.7776127621231839,0.5065764924066019,0.028771181663862434,99.41105021931867
17.052472218681263,93.12943071514457,8.867671636955246,19.256299639122325,1.4683066295840637,0.08470826962923489,5.893482458849257,0.0693925114639323,1.80626108326786,0.49922670117936907,0.027946451272702982,99.54036056431866
17.099539405972454,93.40884030875115,8.892983749060436,19.534560340588,1.4916581793678276,0.0822975288619193,5.978515444590412,0.06839036958201276,1.8354978429484339,0.4920170473526097,0.027151510484274537,99.54036056431866
17.146018676525465,93.68871816007747,8.91191681078964,19.813797069613027,1.5143855173198322,0.079984666423778,6.063844448306848,0.0674170259866467,1.8646119445919394,0.48501457544350135,0.02638881275888998,100.2404743879728
17.191918476958055,93.96902878576512,8.924608691184773,20.093820216951666,1.5365116478753944,0.0777755189059579,6.149445177104248,0.0664804042589902,1.8930122650993884,0.478276289633023,0.02566028774658135,100.49909507797278
17.23724555228555,94.24972607674462,8.931197259287744,20.37444017335817,1.5580606423128172,0.07567456226882555,6.235264290227926,0.06558727451528781,1.8812977490903742,0.47185089579343753,0.02496741625973923,100.88702611297276
17.2820114745764,94.53075392380343,8.931820384140465,20.655467329586756,1.5790573946453461,0.07368512874012884,6.319495798665843,0.06472574774813804,1.8542167634467128,0.46565286149739593,0.024311301705975216,101.14564680297275
17.326234170702648,94.812046820796,8.926615934784847,20.936712076391697,1.5995274139509281,0.07180960996124937,6.401506836044269,0.06389686955942486,1.8290378379791548,0.45968970906061046,0.0236927370188403,101.40426749297274
17.3699306826959,95.09353044411279,8.9157217802628,21.217984804527212,1.6194966509517037,0.0700496448372649,6.4814410599026235,0.0631091475548984,1.7921289483373768,0.45402264427984457,0.02311226657073694,101.66288818297272
17.413116651277235,95.3751222076206,8.899275789616238,21.49909590474757,1.6389913563993328,0.06840629161237484,6.558846631298166,0.06236462616689804,1.7430278989108783,0.44866637530142467,0.02257024290437628,102.36300200662684
17.455808382906067,95.65673179278606,8.87741583188707,21.77985576780698,1.6580379687219153,0.0668801845053208,6.633269375957556,0.06166516488351743,1.6812968650282496,0.4436342797375355,0.022066878387986617,102.36300200662684
17.498022811646738,95.93826165410911,8.850279776117208,22.060074784459722,1.676663028409476,0.06547167584010054,6.704253368601066,0.06101247975855421,1.6065306059234823,0.438938703298951,0.02160229209835378,102.62162269662684
17.539777468723784,96.21960750033283,8.818005491348567,22.339563345460014,1.6948931167246633,0.06418096503639563,6.771341671349431,0.06040818278511296,1.518365599103984,0.43459124305836655,0.021176552378063068,102.88024338662683
17.581090459320432,96.50065875217135,8.78073084662305,22.618131841562114,1.7127548165014412,0.06300821612028201,6.834077245962094,0.05985381923738311,0.4796266131437801,0.4306030160962813,0.020789715611684093,103.58035721028095
17.62209471756508,96.78129897751758,8.738593710982574,22.895590663520252,1.7302746930150599,0.061953665613814414,6.8537519497298005,0.05902149285260884,-1.7999999999999947,0.42461505649358866,0.020441861831557055,103.58035721028095
17.663184093273063,97.06140630526819,8.691731953469048,23.171750202088695,1.7474792931559733,0.06101772279244552,6.779801353418983,0.057502637500336545,-1.799999999999999,0.4136880395707665,0.020133127807341035,104.1511606889351
17.70462826701715,97.3408538190412,8.640283443124385,23.446420848021656,1.7643411332858439,0.06020106438815493,6.7052109356697605,0.056108856103143805,-1.8000000000000056,0.4036608352744158,0.01986373830320686,104.1511606889351
17.746420401346665,97.61951678179567,8.584399424678308,23.71942272217899,1.780252504828896,0.054622079849566255,6.630028754565012,0.050338288445111075,-1.799999999999982,0.36214596003677035,0.018023334526552,104.59265382258924
17.788576910063604,97.89742424849852,8.524552519547061,23.990809729965683,1.7939137187463827,0.043805218180162926,6.554216634367527,0.03990813566392465,-1.8000000000000014,0.28710888966852266,0.01445471519840158,104.9048366112434
17.83113626145733,98.17474245966267,8.461544547322458,24.260875251051637,1.8045269765166727,0.032778382002929415,6.477664065275722,0.02951350126333763,-1.7999999999999972,0.2123273472182563,0.010816444216249811,105.34632974489755
17.87413521191435,98.45161408812004,8.39619226786548,24.529923533362478,1.812056610459497,0.021602530714727286,6.400304334573877,0.01921852516500158,-1.799999999999991,0.13826277097123438,0.007128714376384944,105.6585125335517
17.91760876692049,98.72815837007192,8.329312441037098,24.798258824823904,1.8164777394277511,0.010326109243037989,6.322074277457895,0.009074257718796665,-1.8000000000000012,0.06528242963163068,0.0034076028607221936,105.6585125335517
17.961591393635867,99.00447906520348,8.261721826698302,25.066185373361545,1.8177741004581947,-0.0010109382732943774,6.242912000004093,-0.0008772566161881914,-1.8000000000000134,-0.0063111986776128864,-0.00033360961781074127,106.10000566720585
18.006118346005064,99.28067252867866,8.194237184710062,25.334007426901078,1.8159366611005492,-0.012372698640479782,6.162754433501849,-0.010598736572738873,-1.8000000000000012,-0.07624990340099908,-0.0040829678626628585,106.41218845586
18.051227108217084,99.55683584372068,8.12767527493336,25.60202923336815,1.8109630781686685,-0.023722583369101005,6.081534712902657,-0.020053490279209194,-1.7999999999999972,-0.14426971423891505,-0.00782829259631056,106.72437124451416
18.096958965412856,99.8330749702651,8.062852857229174,25.870555040688437,1.8028580360318553,-0.035018576684906884,5.999179362516312,-0.02920149843483757,-1.8000000000000058,-0.21008272255278826,-0.011555615929376555,107.03655403316831
18.143360712926675,100.10951286414833,8.000586691458485,26.139889096787577,1.7916344690001196,-0.046208636094211344,5.9156052642219334,-0.037995935079469086,-1.799999999999997,-0.2733520509314323,-0.01524766815069943,107.34873682182247
18.19048651707672,100.38629751240154,7.94169353748227,26.410335649591254,1.7773156422553245,-0.057226488818044305,5.830716376623209,-0.0463803281483942,-1.8000000000000025,-0.3336714255280159,-0.018882496813370005,107.66091961047663
18.23839994173738,100.66360981383971,7.886990155161508,26.682198947025103,1.7599380283954864,-0.06798814340902555,5.744400167031701,-0.054286603227342446,-1.7999999999999927,-0.39055110235498164,-0.02243232385055331,107.97310239913077
18.287176155946124,100.94167121121272,7.837293304357178,26.955783237014796,1.7395548669918135,-0.07838952793613248,5.656523711337175,-0.06163429906528532,-1.7999999999999845,-0.44341222349126125,-0.025862776283526713,108.10241274413076
18.336904339172854,101.22075095340722,7.793419744930256,27.231392767486003,1.7162402294562051,-0.08830574882566862,5.566929409413015,-0.06833126995194164,-1.6886260341722852,-0.49159187015785344,-0.02913265257500122,108.54390587778491
18.38766410160784,101.50117283619652,7.756186236741728,27.509331786364367,1.6902112471226307,-0.097592501168503,5.481130210682213,-0.07435349170221023,-1.6437596139177615,-0.534917206490721,-0.03219439783040086,108.85608866643906
18.4395304261265,101.78327411853361,7.726381434530245,27.78985416918144,1.6621036340117568,-0.10103718774586919,5.395846625160241,-0.07578018242347796,-1.7109419349950217,-0.5451811685142298,-0.033329924577613045,109.1682714550932
18.492539917503972,102.06692953178892,7.704486864587064,28.072663329705,1.6331480014772073,-0.10256379755598502,5.305143480055537,-0.07563207700324794,-1.7545398790374662,-0.54411566189387,-0.03383313789403162,109.4268921450932
18.54670127497329,102.35171907236824,7.690794829503751,28.357123538870823,1.6035671285504538,-0.1047366744698685,5.2101022070677185,-0.07585074025547892,-1.7789912643148431,-0.545688778816395,-0.03454934931126695,109.73907493374736
18.60201866134777,102.63723698171546,7.68559485586841,28.64259409222476,1.573215265871291,-0.1075505437960559,5.111673995519117,-0.07641710119174719,-1.78736369149877,-0.5497633179262388,-0.035476788230977774,109.99769562374735
18.658493445322804,102.92309961296739,7.689176470269147,28.92843428531271,1.5419469115792581,-0.11100655946684741,5.010707740345922,-0.07731477831820861,-1.7818223085026663,-0.5562214267497022,-0.03661579204808739,110.4391887574015
18.71612481894055,103.20894890652701,7.7018291992940675,29.214003413680537,1.509616009543613,-0.1151101284821988,4.907987111447591,-0.07852930475129141,-1.763908755446536,-0.564959026987708,-0.03796808724923769,110.69780944740148
18.77491024896826,103.49445617545774,7.723842569531275,29.498660772874146,1.47607554442221,-0.11986846770368284,4.804256367762625,-0.080047160047052,-1.7347218251106644,-0.5758788492593668,-0.03953598197079797,110.95643013740147
18.834845830757125,103.77932624386081,7.755506107568877,29.781765658439387,1.4411775910269495,-0.12528771144476705,4.700238926457701,-0.08185462278918969,-1.6950456715694,-0.5888821783394942,-0.04132141049884087,111.21505082740146
18.895926595679395,104.0633019758331,7.797109339994978,30.062677365922177,1.404773900400016,-0.13136938617665417,4.596650644868913,-0.08393642514220816,-1.6454530100264366,-0.6038591736849507,-0.04332476969086371,111.47367151740144
18.95814682053162,104.34616922376496,7.848941793397682,30.340755190868364,1.3667171294020557,-0.13810607885620824,4.494208463378364,-0.08627417367310034,-1.5864046455526515,-0.6206775084395707,-0.04554349095983729,112.04447499605557
19.021500398586774,104.62776221117359,7.911292994365098,30.615358428823853,1.3268628423284732,-0.14547616152308582,4.393633889523205,-0.08884449008059583,-1.5183693241802065,-0.6391689933855815,-0.047970303779913945,112.17378534105558
19.08598136351845,104.90796934528586,7.984452469485325,30.885846375334506,1.2850724282353387,-0.15343751546912698,4.295649266962348,-0.09161681136807763,-1.442002080156282,-0.6591137508494793,-0.05059117372598544,112.7445888197097
19.151584726834074,105.1867394263768,8.068709745346476,31.151578325946222,1.2412170801396412,-0.16192034619352763,4.2009620739355915,-0.0945507514366968,-1.358456425666914,-0.6802212333575308,-0.05338294721747325,112.7445888197097
19.218307939416306,105.46408818272273,8.16435434853665,31.411913576204864,1.1951829632346411,-0.17081941870754663,4.110226932115404,-0.0975928139667078,-1.2699956910033803,-0.7021065753000562,-0.056310813786426,113.31539229836385
19.286153621631886,105.74010501075482,8.271675805643955,31.666211421656335,1.1468776471772415,-0.17998638640126105,4.0239625481801475,-0.10067192845047278,-1.1812761668924623,-0.7242584780609551,-0.059325809304859055,113.627575087018
19.355134974810326,106.01495973957199,8.390963643256493,31.913831157846495,1.0962393608670127,-0.1892233265480987,3.9423722075688583,-0.10369244092136616,-1.0246439545548724,-0.7459887836069509,-0.06236272663516587,114.12263031932629
19.42523786907057,106.28890925845174,8.522507050580922,32.15413236650747,1.043947799909185,-0.1963092878858798,3.8704644596378133,-0.1056133289384157,0.9380636639481603,-0.7598081218591057,-0.06469166853929866,114.12263031932629
19.495263927337003,106.56234347983876,8.666388855160744,32.386649677124076,0.991158138273427,-0.18981406364469644,3.936224216292017,-0.10385394923363571,1.1444776450907288,-0.7471507139110483,-0.06255691034668258,114.43481310798045
19.564018355084492,106.83577557484517,8.822135128050537,32.611389991844284,0.9402154048322329,-0.18244916450844278,4.014991016411483,-0.10182191414699183,1.2038394644249186,-0.7325317564531786,-0.06013562990470833,114.92986834028875
19.63152939053005,107.10966232035683,8.989178984632142,32.82843906312844,0.8912517625723924,-0.17448901803297087,4.096349709160357,-0.09935275731967409,1.2606298650180814,-0.7147680382710365,-0.05751786303185887,115.29561322759704
19.697896417505536,107.38438109650961,9.166953540287436,33.03788264343694,0.8443511861876296,-0.16618451968958955,4.180103548022765,-0.0965589215529468,1.3401745489075585,-0.6946685003809123,-0.05478601207314529,115.47848567125119
19.763187198024816,107.66023263057176,9.35489191039826,33.239806485230126,0.7995540799423007,-0.1577537090317584,4.267693792493386,-0.0935809889440924,1.429461776519514,-0.6732445247776431,-0.052011772001537386,115.84423055855949
19.827436353448388,107.93744464097303,9.552427210346478,33.434296340968366,0.7568631328949588,-0.14937745070959832,4.359621729958144,-0.09052085603102501,1.5211443963523772,-0.6512291800793165,-0.04925468901812793,116.02710300221364
19.89066015467426,108.21617610414633,9.758992555513958,33.62143796311206,0.716249705533308,-0.14119909995336416,4.4558757897535175,-0.08745402549138837,1.6112586582739272,-0.6291656510171824,-0.04656202461144165,116.39284788952193
19.952864563763946,108.49652189716521,9.974021061282542,33.80131710412155,0.6776601840648958,-0.1333269596275045,4.556178969389848,-0.08443714704154602,1.6977106298657345,-0.6074614895075252,-0.04396953901208313,116.88790312183022
20.01404961857863,108.77851760909279,10.196945843034104,33.97401951645721,0.6410219037833642,-0.12583841166497428,4.660122996675166,-0.0815127241730382,1.7794251281990139,-0.5864224760650231,-0.0415028300869374,117.20008591048435
20.074211882360846,109.0621443567947,10.427200016150483,34.13963095257942,0.6062483988577152,-0.11878481537536847,4.767240308724752,-0.07871233062914193,1.855883096421053,-0.5662757599218843,-0.03917893035421419,117.20008591048435
20.133345853566787,109.34733348200005,10.66421669601356,34.29823716494853,0.5732438644280327,-0.11219651703357332,4.877042769007212,-0.07605902248278727,1.9268664878159258,-0.5471872121063832,-0.03700794614620801,117.69514114279264
20.191444800381127,109.63397104279493,10.907428998005168,34.44992390602493,0.5419068116506984,-0.10608755077468945,4.989042325847821,-0.07356926406740331,1.9923127217345464,-0.5292752810604555,-0.03499459970233879,118.00732393144679
20.24850126665496,109.92190204319898,11.156270037507188,34.59477692826897,0.5121329587808886,-0.10045980164330204,5.102761580738415,-0.07125451585653206,2.052227924085925,-0.5126224162340435,-0.03313959754484191,118.19019637510094
20.304507384724392,110.2109343687676,11.410172929901455,34.73288198414103,0.4838174370075914,-0.09530654033036852,5.217738537575643,-0.06912256056270319,2.1066323367367974,-0.4972846083647711,-0.03144079422252909,118.50237916375508
20.359455072087872,110.50084241470742,11.668570790569856,34.86432482610148,0.45685640537566896,-0.09061533039513567,5.333527888463685,-0.0671786154580882,2.1555234289765726,-0.48329939178480713,-0.02989415077457601,118.94387229740923
20.413336157196987,110.79137040655526,11.930896734894217,34.98919120661068,0.4311481711359813,-0.08637036246111475,5.449700165440101,-0.06542626842449074,2.198848383948024,-0.47069257859345853,-0.02849450519400583,119.38536543106338
20.466142461884882,111.0822354229381,12.196583878256424,35.10756687812901,0.4065939055116916,-0.08255429667668238,5.565839512253017,-0.0638682713225578,2.2364807407808738,-0.45948396634933675,-0.027236181217761415,119.51467577606337
20.517865857809838,111.37313013617224,12.465065336038311,35.21953759311683,0.3830980340304389,-0.07914970399680167,5.681540488887211,-0.06250722246383607,2.268197476754684,-0.4496922479412666,-0.026113464995221575,119.95616890971752
20.568498308422505,111.66372529025409,12.735774223621759,35.32518910403452,0.36056836788541413,-0.07614019584502638,5.796404102354782,-0.06134616875347884,2.2936533767803264,-0.44133934355020743,-0.02512097898293749,120.26835169837167
20.6180319046249,111.95367193779857,13.008143656388604,35.42460716334243,0.3389160298928245,-0.07351132566926928,5.910033099261772,-0.06038915713476303,2.3123494286802915,-0.43445436787599295,-0.024253980505152706,120.65628273337165
20.666458900550012,112.2426034582301,13.281606749720726,35.51787752350096,0.31805521639961387,-0.07125133833834497,6.022026421147515,-0.05964176444017318,2.323591229028951,-0.42907744201563436,-0.02350860997914695,120.91490342337164
