t_s,d_m,x_m,y_m,psi_rad,k_radpm,vx_mps,vy_mps,a_mps2,omega_radps,delta_rad,s_m
21.949692951401815,115.7344642269468,13.43417476835895,35.71307584859568,0.21150631292290817,-0.061619805720746955,6.054060279126567,-0.051853952532784346,2.6485809280093013,-0.37305001822147016,-0.020331733851200972,0.0
0.0470555269183901,0.28781971968183184,13.716087845768012,35.771086259932616,0.19424774193356836,-0.05842079294211375,6.178708998753222,-0.050174145990137434,2.701438107615988,-0.36096507906573694,-0.019276473716262264,0.25862069000000076
0.09316881112425346,0.5756218940237149,13.998919169765902,35.82434537860272,0.1779123060324103,-0.05520427060062794,6.303299328490507,-0.04836769681113775,2.76073893428122,-0.3479690418067463,-0.018215394404566012,0.5172413799999998
0.13838140100993712,0.8634404928540487,14.282577147407206,35.873107018783315,0.16250198219191797,-0.05198139821020548,6.428137261718165,-0.046445955222421224,2.8255962543935813,-0.3341435627512318,-0.0171521791700874,0.7758620700000005
0.18272867092706324,1.1512967945590382,14.566970185746502,35.917624994651696,0.14801671837007777,-0.04876120073363652,6.55346200801059,-0.04441810002972824,2.8951731090526582,-0.319554676472865,-0.01608980764492831,1.1637931049999999
0.22624094848225607,1.4392001442799747,14.852006691838383,35.95815312038518,0.13445483663019797,-0.04555068017073439,6.679454227663057,-0.0422912619702682,2.968688625203894,-0.3042536832393396,-0.015030592456695503,1.4224137950000006
0.26894444100626114,1.72714871811672,15.137595072737428,35.99494521016108,0.1217899769077565,-0.042354947381561946,6.806243529624546,-0.04007065403230484,3.045415154167255,-0.28827808656334414,-0.013976222550609601,1.6810344849999996
0.31086202951287323,2.0151305034673683,15.423644729804792,36.02824839897822,0.10977968061725536,-0.04097218143524778,6.933905494488398,-0.03948951552253058,3.0709940768949457,-0.2840972339750401,-0.013519996038717522,1.9396551750000004
0.3520212009586565,2.3031301875966252,15.710085784300485,36.05817063749654,0.09793771457724947,-0.041250717131234904,7.06030145439725,-0.04048270724376565,3.045221399920947,-0.29124249815658737,-0.013611895903471794,2.198275865000001
0.3924601144172577,2.591135734429484,15.996867949387413,36.08468826926387,0.08601367991939117,-0.04154160686846625,7.18344320354175,-0.04147923651976472,3.015998177060683,-0.2984117735234872,-0.013707871606117448,2.5862068999999988
0.4322198394263834,2.8791361211082953,16.283941706714216,36.1077724755837,0.07400450220939639,-0.04184457840396283,7.303354680218835,-0.04247920585644287,2.983127396184521,-0.3056057975283659,-0.013807833289762317,2.8448275899999995
0.4713385408934023,3.1671212045181596,16.571257537929547,36.12739443775954,0.06190716035697031,-0.042159341251013394,7.420046881092081,-0.04348257610962854,2.9464007483745647,-0.31282428855847866,-0.013911685077446959,3.1034482800000003
0.5098518397549885,3.4550817545356813,16.85876592468205,36.143525337094886,0.04971869028678045,-0.04248558483099754,7.533518535605135,-0.04448916577402787,2.905597744213935,-0.32006594082034434,-0.014019324462525483,3.362068970000001
0.5477931262494113,3.743009487593217,17.146417348620368,36.15613635489322,0.037436188942528995,-0.04282297658704922,7.643756604474878,-0.045498649005363746,2.860484604097948,-0.32732841011053054,-0.014130641686479505,3.7500000049999986
0.5851938340175948,4.030897100544803,17.434162291393157,36.16519867245807,0.025056818631045658,-0.043171160065649083,7.750736616163748,-0.046510552460549866,2.810812843595091,-0.33460829108309253,-0.014245519106175967,4.008620694999999
0.6220836817695092,4.318738304816201,17.72195123464905,36.17068347109291,0.012577811714169777,-0.04352975297349221,7.854422848176841,-0.04752425099993825,2.756317444113006,-0.341901086330491,-0.014363830552994561,4.267241385
0.658490888108183,4.606527860817833,18.009734660036713,36.17256193210125,6.39432612040379e-05,-0.04389834521834703,7.954768352907618,-0.04853896225302094,1.2499361570630845,-0.34920116728792044,-0.01448544068670208,4.525862075000001
0.6945595776949265,4.894264325059712,18.29746587948538,36.170824632759846,-0.0121700750152085,-0.041278158390403524,7.999868320097791,-0.04590055659509215,0.0,-0.33021983161936797,-0.013620949840126885,4.9137931099999985
0.7305232252694918,5.1819735056562335,18.585128929325236,36.16567270531921,-0.023450080197306638,-0.03727027413351878,7.999892649017289,-0.04144398869739586,0.0,-0.2981581920675961,-0.012298570353809334,5.172413799999999
0.766487683432409,5.469689170959574,18.87272668078266,36.15743635797473,-0.033576187556376695,-0.03325225034615714,7.999914547511129,-0.036976107418156934,0.0,-0.2660151612817045,-0.010972802209157329,5.43103449
0.8024558704886662,5.757434667409631,19.160262277480804,36.14644766566259,-0.04254683289293466,-0.029230754131110728,7.999933966509479,-0.032504330294782245,0.0,-0.23384410284016,-0.009645849694411346,5.689655180000001
0.8384295126445753,6.045223804656906,19.44773886304283,36.13303870331906,-0.050361627532532795,-0.025210455817842137,7.999950881285968,-0.02803385474502184,0.0,-0.20168240823756717,-0.008319258489109744,5.948275870000002
0.8744092880079046,6.333062007563539,19.735159581091892,36.11754154588031,-0.057020988152167926,-0.02119426546074591,7.999965284493645,-0.02356792092036709,0.0,-0.16955338791631,-0.006993993560544503,6.336206904999999
0.9103949708499588,6.620947470299974,20.022527575251136,36.10028826828258,-0.06252581220342304,-0.01718357669797214,7.9999771800407276,-0.019108082782280683,0.0,-0.13746822145525672,-0.00567051953142418,6.594827595
0.9463855758196713,6.908872310057672,20.309845989143728,36.08161094546209,-0.06687719999354026,-0.01317851274477552,7.999986577874332,-0.014654481585362448,0.0,-0.10542792507455,-0.004348881789097419,6.853448285000001
0.9823795019267578,7.19682371891436,20.597117966392815,36.06184165235506,-0.07009207821508938,-0.009178171221253716,7.999993489694444,-0.010206118092408959,0.0,-0.07342531001733063,-0.0030287872414005014,7.1120689750000015
1.0183748214617863,7.48478627519459,20.884347484101255,36.04130782717751,-0.0721950423490486,-0.005552921370573414,7.99999761695389,-0.00617484672470903,0.0,-0.04442335773171964,-0.0018324620012013784,7.500000009999999
1.0543699766132688,7.772747516406452,21.171542488320412,36.02031482853906,-0.07325757179709623,-0.0019514246538080982,7.999999705698048,-0.0021699841352057817,0.0,-0.015611396656156701,-0.000643970046739085,7.7586207
1.0903634339822679,8.060695175358445,21.45871210521984,35.999161449949085,-0.07328296837378695,0.0016505820768924497,7.999999789445841,0.0018354472211967723,0.0,0.013204656267602677,0.0005446920315063831,8.01724139
1.1263535972717449,8.348616481674258,21.745865461163667,35.978146483834415,-0.07227108375904136,0.005254525455579418,7.999997866186695,0.005843030748111804,0.0,0.04203619243245902,0.0017339916624592188,8.275862080000001
1.1623389234247128,8.636499090898,22.033011682516047,35.957568722621865,-0.07022150170753874,0.008861754093133509,7.9999939308414,0.009854263075673105,0.0,0.07089397896167701,0.0029243705143556504,8.534482769999999
1.1983180388718475,8.924332014475082,22.320159895641112,35.93772695873827,-0.06713356237684301,0.01247336466476428,7.999987975809412,0.013870360659704034,-0.3261789879792741,0.09978676733600024,0.00411618709236727,8.922413805
1.2343162738305882,9.212106550886185,22.60731922690301,35.91891998461043,-0.06300642009123798,0.016090026625073903,7.988238153619304,0.01786580407650405,-1.8000000000000003,0.1285309645791658,0.005309658888232092,9.181034495
1.2704803182269808,9.499817218330783,22.894498802665883,35.901446592665195,-0.0578391347549381,0.019711805117136008,7.92313311172012,0.021708916558334266,-1.7999999999999852,0.1561792558153544,0.0065048039423188046,9.439655185000001
1.3069356541223156,9.787462689098863,23.181707749293867,35.88560557532936,-0.051630797184760456,0.023337982076669154,7.857501903906018,0.025489575165504583,-1.8000000000000043,0.1833782386007524,0.007701381822078849,9.698275874999998
1.34369012421159,10.075046725404558,23.468955193151107,35.87169572502975,-0.044380688624388175,0.02696687615260902,7.791330465727347,0.029204990278931333,-1.8000000000000045,0.21010784373331892,0.00889883422558243,9.956896565
1.380752681503874,10.362579115982419,23.756250260601742,35.860015834193185,-0.036130775725603824,0.030595662874700145,7.724602743978438,0.03285116845400897,-1.8000000000000027,0.23633934139574797,0.010096225685870423,10.3448276
1.418133611956991,10.650076964588681,24.04360204289294,35.85085252871413,-0.027491480558517616,0.030012943305950977,7.657320290165992,0.031944802044452145,-1.8000000000000003,0.22981871974426,0.009903947458213486,10.603448290000001
1.4558455281532066,10.937571728769761,24.331018639543625,35.844148843065824,-0.019689893188730823,0.024442501805339998,7.5894616716961965,0.02578525485506703,-1.799999999999997,0.185505430611993,0.00806585067531465,10.862068979999998
1.4939020303735369,11.225098293081263,24.618507043850276,35.83946455293895,-0.013489821046353444,0.01886592212900016,7.520977910331595,0.019722735519044226,-1.799999999999996,0.14189018359024624,0.006225673867660527,11.120689669999999
1.532316078966664,11.512682422169153,24.90607419100779,35.83633930432026,-0.008892311123469637,0.013289687008301009,7.451845768602997,0.013765545007942389,-1.799999999999998,0.0990326978988661,0.004385568596332968,11.508620705
1.5711001959032043,11.800342386010877,25.193727016211078,35.83431274319654,-0.005897276471975967,0.007718094237910809,7.3820428243071055,0.007919567003895076,-1.8000000000000136,0.056975302186295505,0.0025469655910790503,11.767241395000001
1.6102667579645011,12.088091173186953,25.481472454655055,35.83292451555456,-0.004503880684529465,0.0021538980513261642,7.311546933024123,0.0021890174100796427,-1.7999999999999938,0.015748326691220452,0.0007107862372371621,12.025862084999998
1.6498283070257855,12.375938704307758,25.76931744153463,35.83171426738108,-0.004710799412681121,-0.0034010462562955434,7.240335663335871,-0.0034228355937935087,-1.7999999999999943,-0.024624716502111572,-0.0011223447933204878,12.284482774999999
1.6897978789053312,12.66389404336487,26.05726891204471,35.830221644662906,-0.006516358457129496,-0.008945139760498154,7.168385701929387,-0.008912987462567188,-1.7999999999999963,-0.06412221196091503,-0.0029518875470392826,12.67241381
1.7301893525929195,12.951967605607566,26.3453338013802,35.82798629338678,-0.009916663573484847,-0.014476402505761893,7.0956722251027315,-0.014278053197956376,-1.7999999999999838,-0.10271980717954225,-0.00477717648592703,12.9310345
1.7710178161542185,13.240173319912188,26.633519010351183,35.82454840330886,-0.014066603706998304,-0.0177857820961579,7.022173896624891,-0.01736038481257107,-1.800000000000003,-0.12489485476669836,-0.0058692406962956535,13.189655189999998
1.812296130954394,13.528504201058764,26.921810458442234,35.81977996747249,-0.017550179190620737,-0.006769552140889641,6.94789131342794,-0.006537741639652367,-1.7999999999999954,-0.04703411251548465,-0.002233948490293595,13.448275879999999
1.854027286227101,13.81688052024988,27.210137477861405,35.81444786253415,-0.01785928185774608,0.004229203651296559,6.872777122296272,0.004040225999922637,-1.7999999999999934,0.029066374100162853,0.0013956362987867152,13.70689657
1.8962121310758118,14.105206001908583,27.49841995654954,35.80946831886553,-0.014995589993017838,0.015243210230199334,6.796830332487357,0.014401166398336959,-1.7999999999999958,0.10360551365710041,0.005030216948871461,14.094827605
1.9388522165255146,14.393387719418262,27.78657778244747,35.805757566838295,-0.008954640243417161,0.02630337330590407,6.720048520088668,0.024569632335217584,-1.7999999999999905,0.17675994485768043,0.008679895201597298,14.353448294999998
1.98195115142091,14.68134482250708,28.074530843496017,35.80423183682416,0.00027355089302013354,0.03743392236107098,6.642425432960491,0.034562633274583844,-1.7999999999999972,0.2486520379466463,0.012352566065049,14.612068984999999
2.025516065430063,14.969017321083408,28.36219902763602,35.80580735919479,0.012702921078845126,0.04864734035069425,6.56394844275956,0.0443852901175674,-1.7999999999999932,0.3193186339393338,0.01605224342223968,14.870689675
2.0695591960362414,15.25637495133282,28.64950222280831,35.81140036432187,0.02834881844205836,0.05993899661822989,6.484595814460693,0.05402654315650308,-1.8000000000000052,0.3886801665935472,0.019777289909573795,15.25862071
2.1140996153206917,15.543426127909326,28.93636031695371,35.8219270825771,0.04714568736813148,0.07128151225290193,6.404333765118503,0.06345497280924557,-1.8000000000000047,0.4565105957499681,0.023518561866635566,15.517241400000001
2.159165385730983,15.830228698233526,29.222696228201993,35.83828129531213,0.06705493442197884,0.07042337212096964,6.3232267872629,0.0618971104732131,-1.8000000000000038,0.4453029530446985,0.023235530354199677,15.775862089999999
2.204804620647856,16.11695511133079,29.50857650966739,35.86029267048242,0.0840011071041239,0.04844166242929427,6.241237625135744,0.04202469373871921,-1.7999999999999847,0.30233592617783595,0.015984387122187856,16.034482779999998
2.2510766615813456,16.403829469297154,29.794270797900683,35.886286341432964,0.09464142034837919,0.026393646945383268,6.158047992266364,0.022592134896704055,-1.7999999999999892,0.16253334458060467,0.0087096832505523,16.29310347
2.298033500420333,16.691009432172617,30.080064098224394,35.91447358264657,0.09896643903791,0.004413560456593047,6.073565981355722,0.00372604103976903,-1.8000000000000078,0.026806050645820357,0.0014564739207942174,16.681034505
2.3457235973677992,16.978611526334802,30.366241415961067,35.94306566860611,0.09699031327257679,-0.017412701022861715,5.987707411310235,-0.01449244009620706,-1.7999999999999878,-0.10426215896551841,-0.005746128094846122,16.939655194999997
2.3941975323059435,17.266745365846642,30.65308775643322,35.97027387379442,0.08874364105490365,-0.03900877612679629,5.900385130490578,-0.03199318556378867,-1.7999999999999998,-0.2301668026171847,-0.012872185130419492,17.198275884999997
2.4435141310113977,17.55554765486211,30.94088812496338,35.99430947269433,0.07427394140981834,-0.060270244014355163,5.811498056943511,-0.04868619643135015,-1.8,-0.3502604059809363,-0.019886558562983644,17.456896575
2.493747106798274,17.845215723496707,31.229927499863642,36.01338379427501,0.05453058794766483,-0.07994301632819838,5.720929438375889,-0.06357142141513308,-1.8000000000000034,-0.4573483555045545,-0.026375077791420395,17.84482761
2.5449687084781143,18.135907696381523,31.520345508578135,36.02600137383587,0.030845046567496846,-0.08260535178902963,5.6287127183184475,-0.0646296893960352,-1.8000000000000003,-0.4649617942160806,-0.027253016902056417,18.103448299999997
2.5971903653416355,18.427413385117887,31.811796550226127,36.03164556447422,0.006276011298653848,-0.08560089903307395,5.534692994504515,-0.06585468277202836,-1.8000000000000094,-0.4737746962016427,-0.028240786547018188,18.362068989999997
2.6504129165005637,18.719455341364878,32.10383389129563,36.030003727203464,-0.01925480380901679,-0.0889330148604493,5.438868630773745,-0.06723360288228399,-1.7999999999999927,-0.48369498476463296,-0.02933947348532412,18.620689679999995
2.704642432604528,19.011778333770664,32.396010798274645,36.02076322303704,-0.04582647215518418,-0.09260448352755613,5.341228573325287,-0.0687524181675225,-1.8000000000000005,-0.4946217134354136,-0.030549971910435205,19.008620714999996
2.7598911452730164,19.30415160435416,32.68788053765121,36.00361141298835,-0.07351857177191645,-0.09661637283972434,5.2417506937677665,-0.07039501257131109,-1.7999999999999972,-0.5064389393619503,-0.0318726059159579,19.267241404999996
2.816178551721354,19.59637131659938,32.97899637591331,35.97823565807083,-0.10241068464565543,-0.10096669743252118,5.140399821129525,-0.07214227788568174,-1.800000000000002,-0.5190091934221707,-0.03330668858780535,19.525862094999997
2.873532728937583,19.888263200728012,33.268911579548984,35.944323319297915,-0.13258164372347842,-0.10564885648156967,5.037125402012329,-0.07397114887608486,-1.800000000000001,-0.5321665386768695,-0.03485000706977695,19.784482784999998
2.931991899500595,20.179685396406406,33.557179415046235,35.901561757683,-0.1641084890986209,-0.1106498265100097,4.931858713939682,-0.07585359423863344,-1.7999999999999967,-0.5457093110693053,-0.03649822742767143,20.17241382
2.991606301141397,20.470531486024154,33.84335314889308,35.84963833423952,-0.1970650931117081,-0.1159481120610208,4.8245095384694805,-0.07775559539222332,-1.8000000000000043,-0.5593927726059231,-0.038244220472762505,20.43103451
3.0524404253628052,20.760733702279325,34.12698604757753,35.7882404099809,-0.23152041590914865,-0.12151149075396082,4.714962176028966,-0.07963616951723682,-1.8000000000000016,-0.5729220828578188,-0.040077320868016394,20.6896552
3.1145757082509444,21.050266281796258,34.40763137758759,35.71705534592056,-0.2675363600466135,-0.12729463727155432,4.60307065104418,-0.0814465230315409,-1.7999999999999976,-0.5859462088600064,-0.041982547670992576,20.818965545
3.1781137811953855,21.339148921676202,34.6848424054113,35.635770503071925,-0.30516520699483296,-0.13323677441521434,4.4886529098064365,-0.0831294552889185,-1.8000000000000003,-0.5980536351720757,-0.043939835353925774,21.260458678654143
3.2431804239621194,21.62745027824793,34.95817239753665,35.54407324244841,-0.34444664206343567,-0.1392595769524536,4.371483748586932,-0.08461916587010117,-1.799999999999999,-0.6087709774827422,-0.04592334972588456,21.519079368654143
3.309930412796513,21.91529142720292,35.22717462045166,35.441650925063435,-0.3854044428896004,-0.14526563919555294,4.251286116347497,-0.08584164551812146,-1.7999999999999983,-0.617565795094399,-0.04790099092505561,21.831262157308288
3.378553529817065,22.20284917931933,35.49140233380044,35.32819090434811,-0.4284946605389589,-0.1515312151663453,4.127715556471964,-0.08694140782451812,-1.7148233857200896,-0.6254777541332238,-0.04996368350597505,22.272755290962433
3.449218307834892,22.490316482902458,35.7503071275438,35.20326789443376,-0.47430882900581506,-0.16665489653608495,4.006378652916327,-0.09280788416417485,-1.5592844499382488,-0.6676826198861499,-0.054940769676742364,22.584938079616578
3.5219964222996243,22.77784189427677,36.00298239848776,35.06605976916647,-0.5244844781715484,-0.1816801485466372,3.8927305955795197,-0.0983052303271128,-1.425425177145141,-0.7072318728569266,-0.059882767413330526,22.76781052327072
3.5969530246523966,23.06571641056991,36.24844270147066,34.915657053796856,-0.579001598152287,-0.19612643360815343,3.785720147220075,-0.1032046909646802,-1.3431171608245198,-0.7424797911128069,-0.0646315785733438,23.079993311924866
3.6742476138356555,23.35442861342118,36.48570259133083,34.75115027357557,-0.6377393355423764,-0.20937494670732998,3.6817520816914073,-0.10715046377922981,-1.3591429016383683,-0.7708666458937397,-0.06898409641365084,23.445738199233155
3.754229375521559,23.644679038241435,36.71377662290658,34.57162995375321,-0.7004482383515989,-0.22070036734279877,3.572923470754232,-0.10960782762516015,-1.5094118330043595,-0.7885455224831666,-0.07270275505859072,23.757920987887296
3.8375825020433556,23.937389980638383,36.93167935103622,34.376186619580444,-0.766775391427829,-0.22933648619702615,3.4470391361710906,-0.10988392621496232,-1.6713462892852122,-0.7905318432731102,-0.07553704423138327,24.070103776541437
3.925231744977852,24.233253856759546,37.138097651245594,34.16422690988987,-0.8366791105308277,-0.23974397591273294,3.3004657795494197,-0.10998608358108028,-1.720267179894858,-0.7912667883530954,-0.07895106091800944,24.25297622019558
4.017457952902943,24.530496252422097,37.32976943920085,33.93703763311553,-0.911187631209704,-0.25949632472651096,3.141601146697281,-0.11331751923411063,-1.6888483680889523,-0.8152339513245369,-0.08542538168100686,24.74803145250387
4.1141860381896596,24.826674228176845,37.50271495123587,33.69659794589829,-0.9925188431202149,-0.2890891882730423,2.9778818630205173,-0.11966140962695268,-1.5845969925392842,-0.8608734505536163,-0.09511159057954305,24.930903896158014
4.215260727869083,25.119811424197753,37.65295330272555,33.44488808627284,-1.0829622892338446,-0.3291060077359693,2.8171762721659124,-0.12887379940692234,-1.3867080021089615,-0.927149636021024,-0.10818097909661734,25.24308668481216
4.320371767615159,25.408577022320355,37.77650360904476,33.183888292273814,-1.1848344266406354,-0.3794946348746588,2.670651113948599,-0.1408761899418079,-0.7679765463914935,-1.0134977693655243,-0.12458462931337054,25.425959128466303
4.428209206364082,25.69250823354996,37.86938498556839,32.91557880193591,-1.299701880678268,-0.4381995376257254,2.5867535210707535,-0.15755847336700404,-0.4240011448353156,-1.1335141968849214,-0.14361036394541862,25.99676260712045
4.53715476409025,25.972329558130564,37.927787628016475,32.64192006364107,-1.4236145552815125,-0.45424873095087775,2.5402957577320544,-0.1603957312623661,0.7540682840760102,-1.153926124189684,-0.14879418214006276,26.12607295212045
4.644818016741876,26.250741042946654,37.95118135229644,32.36449315697588,-1.5453965782842234,-0.41936392632948544,2.6220888724406186,-0.15284571837768562,0.9473562002490474,-1.0996094847315512,-0.1375166369245156,26.38469364212045
4.749486893914932,26.530847440980853,37.94198824534124,32.0845376587191,-1.6573275077244523,-0.37540619842026707,2.721995266094227,-0.14203769139977318,1.2393507625595974,-1.021853894962397,-0.12325605806186547,26.64331433212045
4.85131655415929,26.814829992129123,37.90273577758254,31.803280955454035,-1.7581280803933186,-0.3293058239636868,2.8489182957679597,-0.13040498876423956,1.484715856844981,-0.9381653867930904,-0.10824614929966717,26.901935022120448
4.950161389399129,27.10397876512544,37.835951419451995,31.521950433764037,-1.8476918395912971,-0.2857274164255585,2.9962955739109507,-0.11900120725214677,1.6894595123451022,-0.8561237931809119,-0.09401209650468471,27.16055571212045
5.045899765617298,27.398808046354386,37.74416264138126,31.241773480232418,-1.9267000019712388,-0.24708496368983474,3.158541580664659,-0.10847951031621912,1.8587019421480724,-0.7804281317713605,-0.08135805487188011,27.419176402120446
5.13842660293219,27.699186596592078,37.629896913801986,30.96397748144252,-1.9962467384156886,-0.2141855034106048,3.330907834543885,-0.09916707181849924,1.9974351231664162,-0.7134321713561095,-0.07056386380721254,27.86066953577459
5.227649265120217,28.00446121591674,37.49568170714582,30.68978982397767,-2.0575677127265046,-0.1869160338739778,3.5094158974818113,-0.09117928800725053,2.109925551363749,-0.6559661007715863,-0.06160424163291049,28.11929022577459
5.313483577577193,28.313563637486286,37.344044491844436,30.42043789442119,-2.1118794920929247,-0.16474475206065173,3.6907366239771013,-0.08451609911532013,2.1993631404519975,-0.6080294900382743,-0.05431230114472784,28.431473014428736
5.3958504318623906,28.625098266487587,37.177512738329476,30.15714907935642,-2.160302125426276,-0.14702217534425335,3.8720503450376036,-0.07912953980301544,2.26766412409304,-0.5692772647698953,-0.04847930274797408,28.92652824673702
5.474673160850553,28.937412091072733,36.99861391703259,29.901150765366683,-2.20383367598434,-0.13313939719344745,4.050908653936405,-0.07496763954164298,2.3152690691412308,-0.5393355362708125,-0.04390776282794788,29.238711035391166
5.549875643634358,29.2486495439774,36.80987549838544,29.653670339035315,-2.2433534912932895,-0.12260343479382456,4.225102772099227,-0.07200368359806222,2.3407710939113127,-0.518012112216275,-0.040437078728009106,29.55089382404531
5.621381051886447,29.556795319472915,36.61382495281967,29.41593518694565,-2.2796400162391035,-0.11507345662473015,4.39253218760522,-0.07025947684067375,2.340135633830262,-0.5054638621631203,-0.0379560029678798,29.9166387113536
5.689111219657146,29.85970785772134,36.41298975076695,29.18917269568101,-2.313195840410328,-0.11038719625858451,4.551056135851423,-0.06983058743243722,2.305024368664609,-0.5023783268520663,-0.03641167457232356,30.09951115500774
5.753134302083007,30.15583889283117,36.20946389349742,28.974066174678217,-2.3442237969715114,-0.10209302483620929,4.698693509940655,-0.06667883281592682,2.3645335010031636,-0.4797038332081066,-0.03367795984683964,30.465256042316025
5.814018437172278,30.44632610561934,36.00360306845115,28.769117055371233,-2.3718654746582515,-0.0903443699910266,4.842747344903353,-0.060814579148240434,2.5129655948394607,-0.43751495790101025,-0.02980481348735576,30.77743883097017
5.872307855520415,30.732898385220803,35.79532727247733,28.572279903777712,-2.3954510160794515,-0.07561998506051058,4.9893328681510525,-0.052443765496258093,2.7204119998258918,-0.377293276951497,-0.02494941699779996,31.089621619624314
5.9284247220549044,31.01718300694389,35.58455650242486,28.381509285914987,-2.414424596224431,-0.058612656030239886,5.142098826860959,-0.041893497703909904,2.9484813074596636,-0.30139206981230143,-0.019339764934271433,31.455366506932602
5.982717639187012,31.300717467635053,35.37121075514267,28.19475976780039,-2.4286582889425845,-0.04015225312725611,5.302268551265504,-0.029592826033655185,3.1599669696576402,-0.21289802901910204,-0.013249468169873048,31.767549295586747
6.035481005922625,31.58488599611983,35.155218674716146,28.01010015181946,-2.4392605198354986,-0.03424315290288868,5.469019676083133,-0.026031430302585985,3.2230790782554637,-0.18727647699702143,-0.011299759498431133,31.95042173924089
6.086859270040858,31.870131939342617,34.936605084706514,27.826869842132016,-2.4490926932268104,-0.0345605127835412,5.63461281987442,-0.027068180066428922,3.227461546377867,-0.194735108391575,-0.011404474763076116,32.262604527895036
6.136933872336977,32.15633256576673,34.71545485736323,27.645201530333928,-2.4590553883640993,-0.03493749630234606,5.796223341443126,-0.02814826888673452,3.229287439167846,-0.20250553155924114,-0.011528862967567282,32.574787316549184
6.185787822793198,32.44335799664178,34.49185377950383,27.465239990139587,-2.4691618758785685,-0.035374255767078346,5.953983163399011,-0.029275863532438728,3.2281785737943998,-0.21061772325495484,-0.011672974194261202,32.757659760203325
6.23349451992504,32.73107985435408,34.26588763794584,27.28712999526336,-2.479425537065393,-0.035871238593709436,6.107984950006452,-0.03045503698011703,3.223704337443139,-0.21910098546846785,-0.01183695586573767,33.069842548857466
6.2801193899824685,33.019371369764464,34.03764221950678,27.11101631941962,-2.4898599091215647,-0.036429174053269925,6.258285438739544,-0.03168979956368138,3.2153735318931225,-0.22798416952288758,-0.012021048367823042,33.56489778116576
6.32572121534443,33.308107495355394,33.807203311004194,26.937043736322746,-2.500478728357482,-0.03704906220284001,6.404907643039709,-0.032984119212188884,3.202624560510505,-0.23729582167042357,-0.01222558139232904,33.87708056981991
6.370353224827928,33.59716502475893,33.5746566992556,26.765357019687112,-2.511295971575508,-0.03773216455780634,6.547842086204349,-0.03434193145823176,3.1848135140962106,-0.24706425509519245,-0.012450970853303827,34.18926335847406
6.41406400024667,33.88642271926298,33.34008817107853,26.59610094322709,-2.5223258957474166,-0.03847999608028524,6.687047158118594,-0.035767139232198965,3.161199540803073,-0.2573175484330861,-0.01269771623642835,34.372135802128206
6.456898240564131,34.175761441922454,33.10358351329051,26.42942028065705,-2.53358307605979,-0.039294318062923835,6.822448627988729,-0.037263601823504494,3.130926628533953,-0.26808346635614744,-0.012966398242590606,34.684318590782354
6.498897415755515,34.46506429993313,32.865228512709066,26.265459805691382,-2.545082442333662,-0.04017713147860252,6.953938289586485,-0.03883511172071783,3.0930005322581557,-0.2793892929548045,-0.013257676583781606,34.9965013794365
6.540100335963576,34.754216795959806,32.62510895615175,26.10436429204444,-2.556839277326521,-0.04113067034499294,7.081371652819476,-0.04048535726290689,3.046258949552199,-0.2912615630424956,-0.013572287782319241,35.49155661174479
6.580543657452681,35.043106992182594,32.38331063365349,25.94627850295932,-2.568459535562671,-0.04178031222996648,7.204566720748704,-0.041840257543356414,3.0035624266009173,-0.3010090470745066,-0.013786629489288299,35.49155661174479
6.620265829277933,35.33166244220196,32.139959965867575,25.79121496687159,-2.579404920371164,-0.03439445505625383,7.323912537007212,-0.03501437530201397,3.2419084339901496,-0.25190198059002855,-0.011349682805854107,35.80373940039894
6.65928847246396,35.619932469065354,31.89532547141672,25.638723745771497,-2.5882036440742917,-0.02694204030739621,7.450451826835373,-0.027901521906340813,3.447099709443307,-0.20073037342691233,-0.008890639045069135,36.29879463270723
6.6976098576651335,35.90797718772357,31.64970671502782,25.48825386022339,-2.5948441241841547,-0.019442180423854715,7.582574018376377,-0.020491626327808415,3.6179327694170285,-0.14742177214250657,-0.006415831507025323,36.610977421361376
6.735235991525098,36.19584217521979,31.403403261427776,25.33925433079162,-2.5993181848362834,-0.011908536760215822,7.718719955398222,-0.01277669378596329,3.750739146978224,-0.09191866033067116,-0.003929796901063936,37.10603265366967
6.772179983534729,36.48356250843079,31.156714675343487,25.19117417804053,-2.6016200815183224,-0.004350774251658585,7.85729637018086,-0.004751759860169636,3.839541298291288,-0.03418532273503335,-0.0014357545164960252,37.10603265366967
6.808461819461005,36.771166829884656,30.909940521501856,25.043462422534468,-2.60174581204021,0.003223906633670646,7.996602611513181,0.0035834617286458646,0.0944888225813462,0.025780300206085353,0.0010638887877203065,37.60108788597796
6.844408775706391,37.05868143139129,30.663380364629784,24.895568084837787,-2.5996927251967064,0.010809191951505034,7.999990970258557,0.012019807883088613,0.0,0.08647343800783175,0.003567018215459479,37.91327067463211
6.880340390323315,37.346134348326686,30.417333769454167,24.746940185514838,-2.5954594338580703,0.018398051276312822,7.999973840399248,0.020458566120550897,0.0,0.14718392892482657,0.006071282323311957,38.2790155619404
6.916268529099387,37.63355945853527,30.172100300701906,24.597027745129964,-2.5890460360112395,0.025981126851747215,7.999947832345555,0.028890824662094677,0.0,0.20784765943953,0.008573561785598469,38.2790155619404
6.952198669147686,37.921000578921664,29.927979523099904,24.445279784247518,-2.58045848454836,0.03354513540086068,7.999913035579235,0.037301785070332605,0.0,0.26835816597361584,0.011069442537752756,38.77407079424869
6.988138021059706,38.20851539421783,29.68527054090778,24.291146338889124,-2.5701433731292784,0.03932359873862676,7.999880494918562,0.04372718858494107,0.0,0.3145840905391444,0.012976059239900544,38.95694323790284
7.0240922919246245,38.49614956113718,29.44419019165809,24.134258865886853,-2.558927136833743,0.03867023635698632,7.999884433001436,0.043000681637531006,0.0,0.309357421852741,0.012760485356139457,39.45199847021114
7.060060291173903,38.783893555131414,29.204778786054934,23.974638112390096,-2.5478927027907745,0.03803260448463689,7.999888212659784,0.04229166521956237,0.0,0.3042565843133983,0.012550100537122116,39.76418125886528
7.096039651267796,39.071728435882555,28.967053801144882,23.81235518005727,-2.5370363720195255,0.03741096263246185,7.999891837043257,0.04160042798653131,0.0,0.2992836545793619,0.012344990509939488,39.947053702519426
7.132027798752667,39.35963361576152,28.73103271397451,23.647481170546815,-2.526354396872702,0.03680552194750734,7.999895309559133,0.040927204812729816,0.0,0.2944403223937397,0.012145225040930352,40.129926146173574
7.1680219609198215,39.64758691309875,28.4967330015904,23.48008718551716,-2.515842990384115,0.03621645003833682,7.999898633816828,0.04027218215649067,0.0,0.28972792918338613,0.01195085952743562,40.62498137848187
7.204019172308435,39.935564604207656,28.26417214103913,23.31024432662674,-2.505498334767609,0.035643875586976334,7.999901813577902,0.039635503188216396,0.0,0.2851475049511971,0.011761936519233821,40.80785382213602
7.240016281049591,40.22354147413691,28.033367609367275,23.138023695533985,-2.495316589103194,0.035087892743272064,7.999904852711242,0.03901727267653562,0.0,0.28069980342831374,0.011578487168267227,41.302909054444314
7.276009955049393,40.51149086613532,27.80433688362141,22.96349639389732,-2.485295571135209,0.03454856530100185,7.999907755153072,0.03841756163184469,0.0,0.27638533548089705,0.011400532606430303,41.485781498098454
7.311996698628793,40.79938481477052,27.577097077737157,22.786733851817687,-2.4756910758831814,0.03308625921198123,7.999915398504832,0.036791531162290295,0.0,0.264687274548851,0.01091803169704231,41.668653941752595
7.34797518094908,41.08721267333282,27.351580858623123,22.60788388374089,-2.4669721956873047,0.02768755232187276,7.99994075470095,0.03078833017225541,0.0,0.2214987782176648,0.009136638021168849,42.16370917406089
7.383948568921538,41.374999777112485,27.12752867435192,22.427268170622707,-2.459809479316533,0.022276675451447077,7.999961648069988,0.024771544346872953,0.0,0.1782125492580788,0.007351170477747929,42.34658161771504
7.419919468063695,41.662766970249734,26.904654364197114,22.245232461710664,-2.454204960820236,0.016859709079991583,7.999978032129695,0.0187479450152562,0.0,0.1348773022680302,0.0055636465896779334,42.52945406136919
7.45588940539302,41.950526468884334,26.68267176743225,22.062122506252305,-2.4501596302371578,0.011440307323924247,7.999989885040446,0.012721605659367589,0.0,0.0915223428731481,0.0037752834807162064,43.024509293677475
7.491859091494479,42.23828395769601,26.461294723330884,21.87828405349515,-2.4476738682792902,0.006020281744802583,7.999997198936228,0.006694550956236633,0.0,0.04816223709522757,0.0019866903619991045,43.39025418098577
7.5278286829068115,42.52604068899468,26.24023707116657,21.694062852686745,-2.4467477685914805,0.0006001920296828199,7.999999972159948,0.0006674135346846924,0.0,0.004801536220753183,0.0001980633672053815,43.39025418098577
7.563798044604962,42.81379558257988,26.019212650212847,21.509804653074614,-2.4473813465785503,-0.004820061126634202,7.999998204462262,-0.005359906769827603,0.0,-0.03856048035847196,-0.001590618830329855,43.88530941329406
7.599767012497471,43.101547325719956,25.797935299743287,21.3258552039063,-2.44957449801609,-0.01024064274032698,7.999991895180212,-0.011387583190443216,0.0,-0.08192505892405191,-0.0033793992396205764,44.251054300602355
7.635735655931924,43.38929647319557,25.57611888404495,21.14256022416139,-2.4528964437351166,-0.01505692475551378,7.999982478925943,-0.016743263658055698,0.0,-0.12045513423061652,-0.004968744278767681,44.4339267442565
7.6717044607375335,43.677046911640446,25.353571633928453,20.96015124332217,-2.456725455778565,-0.011671046016784687,7.999989472910933,-0.012978186092826983,0.0,-0.09336824527213658,-0.003851426142070799,44.74610953291065
7.70767386618302,43.96480215520433,25.130409315437493,20.77848765367292,-2.459580231436473,-0.008285235721686006,7.999994694834975,-0.009213176012833396,0.0,-0.06628184181894528,-0.0027341209752374087,45.11185442021895
7.743643960106603,44.25256290659299,24.906810238795945,20.597353165060692,-2.4614607974546407,-0.004899829084888311,7.999998144541252,-0.00544860867868693,0.0,-0.03919862358767575,-0.001616942188845451,45.47759930752724
7.77961457972401,44.54032786353225,24.68295271422769,20.416531487332538,-2.4623672275785347,-0.0015148074703447863,7.999999822660919,-0.001684465869683198,0.0,-0.012118459494123726,-0.0004998864235754962,45.47759930752724
7.815585414036999,44.82809453803616,24.459015051956598,20.235806330335507,-2.4622995823116747,0.0018700569511684835,7.999999729729133,0.002079503259445708,0.0,0.014960455103925954,0.0006171187155453475,45.97265453983553
7.851556106226743,45.11586007555412,24.235175562206557,20.054961403916653,-2.461257876419576,0.005255056662120234,7.999997865755238,0.0058436214493124755,0.0,0.042040442081384716,0.0017341669600905614,46.33839942714382
7.8875263560405635,45.40362207406468,24.01161255520144,19.87378041792303,-2.4593483655021644,0.00864040431705094,7.999994230246591,0.00960812267099333,0.0,0.06912318468340525,0.0028513256974536942,46.52127187079797
7.923496045381633,45.69137958879323,23.788484881852327,19.692070680515904,-2.4568242497054245,0.00889918686762372,7.999993879459923,0.009895888225769223,0.0,0.07119344047315987,0.0029367232238502895,46.833454659452116
7.959465358626337,45.979134094750876,23.565825459972235,19.50979221896065,-2.4543123534350992,0.008570613440399185,7.99999432307777,0.009530515382719765,0.0,0.06856485886848752,0.0028282948938930653,47.19919954676041
7.995434539297605,46.26688754012102,23.343617073409167,19.326965857996417,-2.451895032287346,0.008241865811846544,7.999994750230407,0.00916494876853574,0.0,0.06593488322687582,0.0027198090114197594,47.5649444340687
8.031403805899986,46.55464167294007,23.121842377154955,19.143612578626243,-2.4495723180090176,0.007912979275960613,7.999995160848104,0.008799227632265098,0.0,0.06330379591557624,0.0026112772258189655,47.5649444340687
8.06737335272636,46.84239804755107,22.900484026201443,18.959753361853174,-2.4473442357502844,0.0075839858185129064,7.999995554872173,0.008433387544248043,0.0,0.060671852836316854,0.0025027100948063737,48.059999666376996
8.103343350820982,47.130158032308046,22.679524675540456,18.775409188680253,-2.4452108046926093,0.007254914243309993,7.999995932253997,0.008067460536511082,0.0,0.05803928443533153,0.0023941171260841725,48.42574455368529
8.139313948943666,47.417922817289515,22.45894698016384,18.59060104011052,-2.443172038652636,0.0069257903001374846,7.999996292954082,0.007701475245035933,0.0,0.05540629672687721,0.0022855068195572073,48.60861699733944
8.175285274534916,47.70569342201951,22.238733595063422,18.405349897147026,-2.4412279466608258,0.0065966368141169305,7.999996636941156,0.007335457053600017,0.0,0.05277307232805767,0.002176886710015882,48.92079978599359
8.211257434681784,47.993470703194454,22.018867175231048,18.21967674079281,-2.4393785335157285,0.006267473816227925,7.9999969641913005,0.00696942823891309,0.0,0.05013977150297186,0.002068263410204042,49.286544673301876
8.247230517084308,48.28125536241465,21.799330375658553,18.033602552050926,-2.4376238006838298,0.005938318674772127,7.9999972746871135,0.0066034081168016845,0.0,0.047506533214400605,0.0019596426541981446,49.469417116956016
8.28320459102209,48.5690479539169,21.580105851270204,17.8471483120072,-2.4361082039009476,0.005567987440062354,7.999997604005093,0.0061916001789684705,0.0,0.04454388617962928,0.0018374337873925087,49.652289560610164
8.319179589605866,48.856847942587116,21.36114892554902,17.660368500043205,-2.4350019206873172,0.0022333608783153907,7.999999614515102,0.0024834971770178764,0.0,0.017866886165596233,0.0007370089564006674,50.14734479291846
8.355154933773008,49.14465069592425,21.142309999368106,17.47344619207431,-2.4348553068639323,-0.0011009278888530578,7.999999906328531,-0.0012242317980701513,0.0,-0.00880742300769893,-0.0003633061873370792,50.513089680226756
8.39112987654819,49.432450238125696,20.92341429974754,17.286595317901913,-2.4356683284291565,-0.0044354919636608175,7.999998479546784,-0.004932266126180664,0.0,-0.03548392896532852,-0.0014637113026973677,50.6959621238809
8.42710370377305,49.72024085592457,20.704287053707397,17.100029807327417,-2.43744106527851,-0.007770898932156559,7.999995333065206,-0.008641234571545368,0.0,-0.06216715519097386,-0.0025643910263651263,51.008144912535045
8.463075833507517,50.008017893800314,20.484753488267746,16.91396359015221,-2.440173695158227,-0.01110753279524025,7.999990464926968,-0.0123515617466592,0.0,-0.0888601564507856,-0.0036654694063335373,51.37388979984333
8.49904591546855,50.295778549488574,20.26463883044865,16.72861059617769,-2.4438664511154897,-0.014445455564161014,7.9999838731047905,-0.01606331420585866,0.0,-0.11556341155293998,-0.004766964227762596,51.55676224349748
8.535013930519147,50.583522669893355,20.043768307270188,16.54418475520524,-2.44851955239544,-0.017784268450826625,7.999975556712715,-0.019776046093187588,0.0,-0.1422737129006301,-0.005868741210541542,51.73963468715163
8.570980290198126,50.871253547325175,19.821967145752424,16.360899997036274,-2.4541331087277265,-0.02112297286388799,7.999965517649169,-0.023488644581246682,0.0,-0.16898305454134305,-0.0069704681505199,52.234689919459925
8.606945936249026,51.158978715732374,19.59906057291543,16.178970251472176,-2.460464046837651,-0.024459831823748137,7.999953762668671,-0.027199175784936518,0.0,-0.1956775236326368,-0.008071569209073282,52.60043480676821
8.642912397080448,51.446710402383744,19.37491790913791,15.998555202826124,-2.4667144501763807,-0.019209046572030878,7.9999714833248285,-0.021360383646936675,0.0,-0.15367182479810557,-0.0063389004648930335,52.78330725042236
8.678880916646714,51.73445855891387,19.14976978865133,15.819370032045034,-2.471075815721727,-0.011369406317842133,7.999990010026106,-0.012642764037810401,0.0,-0.09095513696266476,-0.003751886480121803,52.96617969407651
8.714851486462498,52.02222311744015,18.924023774050937,15.640912255425857,-2.4731817315155924,-0.003532622602231753,7.9999990355404895,-0.003928275860098776,0.0,-0.02826097741078256,-0.0011657649306416184,53.4612349263848
8.750823300717858,52.309997631483036,18.698088639028377,15.462677899324243,-2.4730326591253675,0.004302441369207919,7.9999985693961255,0.004784313947001795,0.0,0.03441952479857406,0.0014198046978022639,53.64410737003894
8.786795306222105,52.597773675517004,18.47237315727531,15.284162990095849,-2.4706288165472654,0.012137729996127432,7.999988614198464,0.013497136546201613,0.0,0.09710170177123462,0.004005429478261634,54.009852257347234
8.822766751057005,52.885545234196194,18.247286102483386,15.104863554096324,-2.4659701179719566,0.019974203223856686,7.999969166273952,0.022211228377732317,0.0,0.15979300991174325,0.006591391604706584,54.322035046001375
8.858737733268015,53.17331309188428,18.02323624834426,14.924275617681324,-2.4590564573994778,0.027810043754883256,7.999940229337582,0.030924537606191727,0.0,0.22247868781432895,0.009177056804839065,54.68777993330966
8.894709749610715,53.46108922262589,17.800632368549582,14.741895207206504,-2.450464761106034,0.03563886499010725,7.999901841180342,0.039629931609619196,-1.3154910788206784,0.28510742165193664,0.011760283250974307,54.87065237696381
8.930792871549604,53.7488978189113,17.579779398030507,14.557347778319826,-2.4413622558888304,0.027884703699892585,7.952473239527082,0.03082357803520973,-1.7999999999999974,0.2217523599655376,0.009201692506221663,55.05352482061796
8.967138493409651,54.036748671444414,17.36038225264041,14.371006677382011,-2.4348087650251062,0.01798497531423515,7.887086210283038,0.0197170180602527,-1.799999999999997,0.14184905079318488,0.005934972168437647,55.54858005292625
9.003791834721902,54.32462851691752,17.141930813229152,14.183513280034878,-2.4311034885767833,0.008095583144053294,7.8211298894587955,0.008801008414777012,-1.8000000000000043,0.06331660730055402,0.0026715360818415678,55.73145249658039
9.040757396399025,54.61251135180297,16.923914685373333,13.995509305033181,-2.4302447474039997,-0.0017900204736521026,7.7545965902293075,-0.0019294432459378312,-1.80000000000001,-0.013880886661423245,-0.0005907066875992249,56.097197383888684
9.07803915771336,54.90036544316375,16.70582347464957,13.807636471131678,-2.432232240439903,-0.011681331516430513,7.687479526199888,-0.012482199565112515,-1.7999999999999996,-0.08979999687131306,-0.0038548203065617574,56.40938017254283
9.115641474687768,55.18816032527509,16.48714678663445,13.620536497085125,-2.4370674198856146,-0.021587206340684926,7.619771186238893,-0.02286405062839409,-1.7999999999999896,-0.16448957286614452,-0.0071236575897560715,56.77512505985112
9.153570027283697,55.47587380095663,16.2673742269046,13.43485110164828,-2.4447531765871577,-0.031512259499936544,7.551461653139155,-0.033076943071238187,-1.800000000000011,-0.23796361921754086,-0.010398670807847059,56.95799750350527
9.19183282122134,55.763498956674226,16.0459954010366,13.251222003575892,-2.4552928332141994,-0.04145321855113871,7.482536854207098,-0.043114357739281156,-1.7999999999999998,-0.31017523553439674,-0.013678708930267531,57.32374239081356
9.230441249951367,56.05105119344368,15.822499914607066,13.07029092162272,-2.46767357673516,-0.051395239639942865,7.412976732482444,-0.05295784846996457,-1.7999999999999998,-0.38099171561125583,-0.016958803104535184,57.6359251794677
9.269411544259446,56.3385776346278,15.596555856330781,12.892468715726919,-2.4807783616281394,-0.04013151807002369,7.3429051196108945,-0.04096078819968465,-1.8000000000000174,-0.2946819294941341,-0.01324262680149807,57.818797623121846
9.308762863899233,56.62614146302462,15.368545317061978,12.717242720553315,-2.4906436859460324,-0.028849670399434584,7.2721285176840205,-0.029161993006414283,-1.799999999999983,-0.20979851083751277,-0.009520103611526536,58.18454251043014
9.34851167851693,56.913780304069064,15.13902890558814,12.543869366944502,-2.4972668891986993,-0.01757399222011468,7.2006176387281,-0.017589560172460914,-1.7999999999999932,-0.12654359836302817,-0.005799352416212132,58.36741495408428
9.388671981700597,57.2015085893863,14.90856723069674,12.371605085743067,-2.500649264614862,-0.0063144285133809545,7.128347830999968,-0.006256590548833524,-1.8,-0.04501144279736348,-0.0020837583934834314,58.86247018639257
9.429256464170065,57.48932661820789,14.677720901175263,12.199706307791597,-2.500793626654529,0.004927393071602375,7.055296853462274,0.004832226695904878,-1.7999999999999994,0.034764220833848045,0.0016260382805452648,59.04534263004672
9.470277756721005,57.77722961055183,14.447050525811186,12.02742946393268,-2.4977029972503972,0.016152823700132254,6.981442584583565,0.015675031562550987,-1.7999999999999958,0.112770011241374,0.005330381336490086,59.411087517355
9.511749750002815,58.0652167466998,14.217116713391986,11.8540309850089,-2.491385309556306,0.02736089547822686,6.9067606440580604,0.026267546694453275,-1.8000000000000054,0.18897515607520343,0.009028850155452819,59.59395996100915
9.553688958134755,58.35329990625926,13.98847942484321,11.678768618521318,-2.4822276698095873,0.036844572802977024,6.83123043260432,0.0349854336141123,-1.8000000000000054,0.2516937670080021,0.012158109920427606,59.906142749663296
9.596110486284973,58.64147531330881,13.761618049267877,11.501063859158377,-2.47096366159395,0.041165522289625306,6.754850687838808,0.03865130696091139,-1.7999999999999998,0.2780669565533193,0.013583786803791995,60.27188763697158
9.639022189434309,58.929684933206175,13.536854306575245,11.320658634810009,-2.4584484769908235,0.04552379437925342,6.677586515028449,0.04225448148891645,-1.800000000000001,0.30398907545983056,0.015021722148594437,60.454760080625725
9.68243320734072,59.21787549967588,13.314491634761504,11.137332027941333,-2.4446734884187844,0.04992048448388258,6.599421494741246,0.04579303824798559,-1.800000000000005,0.32944631833083154,0.01647226987980949,60.82050496793402
9.72635551420291,59.506008041737616,13.094833471822849,10.95086312101748,-2.429630033371418,0.05435348339314604,6.520334130365143,0.04926199932928656,-1.7999999999999956,0.3544028728725651,0.017934726344364105,61.1862498552423
9.770804333997882,59.79405934206358,12.878183255755502,10.7610309965036,-2.413310051771139,0.05881707816263621,6.4402971114276735,0.0526531247444884,-1.799999999999998,0.37879945859344166,0.019407198921482214,61.49843264389645
9.815798597074751,60.082023413416906,12.664844424555648,10.56761473686481,-2.395706798566426,0.06330154147860313,6.359276503382144,0.0559547287440324,-1.7999999999999912,0.4025520053527511,0.020886470953991147,61.68130508755059
9.86136144238858,60.36991298547074,12.455120416219506,10.370393424566261,-2.3768156331246786,0.067792729586521,6.2772308556090515,0.05915153533855937,-1.8000000000000027,0.42555061394647026,0.0223678696407942,62.047049974858886
9.907520770180982,60.65776099120493,12.249314668743258,10.169146142073073,-2.356634883785994,0.07227171591017979,6.194110218391337,0.06222459738876895,-1.7999999999999956,0.44765897401992044,0.023845145843967862,62.22992241851303
9.954309850464012,60.945622038680256,12.047730620123131,9.963651971850393,-2.3352201421043954,0.07671449493156043,6.109855058368853,0.06515130784218508,-1.7999999999999827,0.4687144449078063,0.025310377204709845,62.595667305821316
10.001765515041415,61.23355891879869,11.850670723932442,9.753711398721585,-2.3126819801988576,0.07969737377726875,6.024412568157036,0.06673805057237127,-1.7999999999999994,0.48012986023288684,0.026294071953986586,62.77853974947546
10.049916191075189,61.5215696166472,11.658431749393555,9.539248491104853,-2.289299856518119,0.08254366059101248,5.937720183708526,0.06812684117445328,-1.800000000000012,0.4901211595284409,0.027232673912195034,63.14428463678375
10.098790056095423,61.80963826291509,11.47130842992408,9.320231577891882,-2.2650854135894294,0.08544212657701042,5.849725504888712,0.06947400519709598,-1.7767760706631823,0.49981298702946747,0.028188433335175764,63.4564674254379
10.14841550281456,62.097766156803104,11.289595496348745,9.096629044346777,-2.2400247509435407,0.08837711037386373,5.761530025568342,0.07077704512388568,-1.7371419158148778,0.5091873749919832,0.02915618188885194,63.822212312746196
10.198817235963984,62.38597270492517,11.113587679492253,8.868409275733608,-2.2141071409799897,0.09132994608227664,5.6739525859426525,0.0720300479409076,-1.7046871762340443,0.5182017837475366,0.030129761603940215,64.00508475640034
10.250022282464395,62.67429631317361,10.943579710179337,8.635540657316485,-2.1873256202367815,0.09427880716198773,5.58664149799432,0.0732115636096865,-1.6786140456422463,0.5267018964725647,0.031101973828623546,64.37082964370863
10.302065580303475,62.962795258038774,10.779866319234696,8.397991574359471,-2.159677612706465,0.09719862677455135,5.499258691462057,0.07429833463924981,-1.6702574465171653,0.534520393088128,0.0320645534116892,64.86588487601693
10.354993847145673,63.25154852259638,10.622742237483063,8.15573041212668,-2.1311730546959566,0.10006111959230181,5.410833417203815,0.07525655290174671,-1.6782443898625086,0.541414049652854,0.03300817633240232,64.86588487601693
10.408864162976082,63.54062487772044,10.472516822902225,7.9087537656480595,-2.101824206195925,0.10274878196935919,5.320406594466734,0.07598647630568525,-1.682644611605394,0.5466652971632032,0.0338941127742893,65.23162976332523
10.463708820049101,63.829919867314395,10.329589389967843,7.65723171906177,-2.0716423388594,0.10571050146704014,5.2281007623906115,0.07682045631044117,-1.6830481442335476,0.5526651533125264,0.034870325203734044,65.67312289697936
10.519551286426397,64.11927723090038,10.194393425441136,7.401400260798468,-2.0405581794863004,0.10897907273877262,5.134090550792028,0.07777167143392714,-1.6814445186075275,0.5595084275822095,0.03594760180521955,65.9853056856335
10.576420786394019,64.40856487664274,10.06736248197097,7.141495506358997,-2.008498683059321,0.11253951843363215,5.038440230594137,0.07881628557187069,-1.6800561676807602,0.5670236372077028,0.037120981181133404,66.42679881928765
10.634354627197718,64.69767737126418,9.948930112206183,6.877753571244148,-1.9753939882203173,0.1163721691918967,4.941078162760736,0.0799255537686578,-1.6814373873735067,0.5750039839471784,0.0383839540002855,66.7389816079418
10.69340126046914,64.98653839851087,9.839529868795637,6.610410570954762,-1.9411784081858634,0.12045124021304013,4.841762759950708,0.08106428976621913,-1.6885332522951402,0.5831963292533748,0.039727994988410315,66.8682919529418
10.753624380106034,65.27510331553398,9.739595304388175,6.339702620991627,-1.9057916785788898,0.12474334350079587,4.740040092635405,0.0821890944781596,-1.7046572844962846,0.5912884494831626,0.041142074305367565,67.30978508659595
10.815108397467677,65.56336178547089,9.649559971632657,6.065865836855587,-1.8691804729419927,0.12920599975613126,4.6351959353424395,0.08324642235991515,-1.733332171596994,0.5988951248914758,0.04261216948974822,67.56840577659594
10.87796570098162,65.85134045474108,9.569857423177925,5.789136334047431,-1.8326338175400556,0.13378624888853102,4.526208262877949,0.08417067509984139,-1.800000000000006,0.605544425178715,0.04412081062445877,67.8805885652501
10.942363723487206,66.13913731708398,9.500541043741535,5.509811660027659,-1.7997313265580104,0.09626469889505515,4.410679547033715,0.059018390653971256,-1.7999999999999972,0.42459273851777884,0.03175667093962199,68.13920925525008
11.008512456106404,66.42698620784921,9.438973153211455,5.22862421583704,-1.77905808307203,0.048964939836702526,4.291907260454064,0.02921126433020476,-1.8000000000000032,0.21015298079283998,0.016157024071998448,68.58070238890423
11.076574523285414,66.7149398534673,9.381354827548892,4.946494049827461,-1.7719870837634455,0.0017787879426492427,4.169494818715258,0.0010309139483552175,-1.7999999999999994,0.00741664711046919,0.0005869999536535892,68.83932307890421
11.146696030583824,67.00288580055812,9.323882561350562,4.664341950660975,-1.7785032282990627,-0.045410900476820004,4.043195687713648,-0.02552111682064705,-1.7999999999999998,-0.18360515698307228,-0.01498447554600258,68.96863342390421
11.219045984591864,67.29070558579886,9.262752849213182,4.383088706999633,-1.7986109119022629,-0.09273610570771527,3.9127212598129506,-0.05043622399732258,-1.8000000000000032,-0.36285053235483866,-0.030593366646705953,69.41012655755836
11.293864085003028,67.57843430463454,9.194162185733475,4.103655107505523,-1.8323160905897111,-0.13995069513790911,3.7776590225363598,-0.07348735486151615,-1.7999999999999992,-0.5286860061979578,-0.046150935693827735,69.66874724755834
11.371520095955107,67.86642032635298,9.114307065508157,3.8269619408406874,-1.879533403819809,-0.18604284186536613,3.6373768938695417,-0.09406240286365618,-1.2518258513151777,-0.6767079342709078,-0.06131717537810781,69.98093003621248
11.452079832105687,68.1554823173733,9.019383983133952,3.553929995667214,-1.9395907411461968,-0.22892277257377266,3.5359564782293043,-0.11251507353680588,-1.0294313559051482,-0.8094609606964451,-0.07540129485476116,70.23955072621247
11.535475439074864,68.44693504664906,8.905724838252421,3.2855528502410647,-2.009386464280881,-0.24698741856475698,3.449863636335849,-0.11843813503752337,-1.204541541858357,-0.8520729139390169,-0.08132607749671686,70.6810438598666
11.621876022377377,68.74068489546828,8.771928547923107,3.0240427617637216,-2.0834093083251775,-0.25469725414484,3.345726955803925,-0.11844849815786716,-1.314036879779259,-0.8521474687616342,-0.08385300690544648,70.99322664852075
11.711433783709124,69.03523875237516,8.618471263443539,2.7726211309145055,-2.1607099536994183,-0.26868627996882266,3.2278904180977626,-0.12055329173341167,-1.319191771463516,-0.8672898685856955,-0.0884352046316072,71.30540943717489
11.804226879224254,69.32929402800242,8.445885713638335,2.5345397727138677,-2.242772100822219,-0.2887157248080438,3.1052293850754498,-0.12461746881241396,-1.2575602982011793,-0.8965285526072947,-0.09498945773805172,71.67115432448318
11.900240540109882,69.62188197157134,8.254704627332064,2.3130505021822145,-2.3310144125425674,-0.3143786630137845,2.9841381008168577,-0.1304027591472784,-1.1253258853760706,-0.9381493463832977,-0.10337514118453102,71.85402676813733
11.999378015297621,69.91247423151864,8.045460733349335,2.1114051343399955,-2.4267348648886546,-0.34472590024862304,2.872128630816671,-0.13762350077644894,-0.8281865172571261,-0.990097127888122,-0.11327259293875251,72.21977165544563
12.101250276916241,70.20110273377992,7.818686760514729,1.9328554842076195,-2.5304971907285276,-0.37779268939844624,2.7872143391745436,-0.1463654989566063,-0.03080600276717976,-1.052989201126664,-0.12403162148875814,72.40264409909977
12.204283256392339,70.48850990571414,7.574970711929425,1.7805223947582465,-2.63900940115387,-0.378653421737455,2.7840272091854605,-0.14653121862658705,0.8272267776733345,-1.054181428968252,-0.12431130610966788,72.76838898640807
12.305980814318454,70.77630831889202,7.315823332979241,1.6553402769819485,-2.7443249958891553,-0.3518888553154416,2.868578264080424,-0.14030948032047239,0.9816522970788855,-1.009420721730017,-0.11560554520440505,73.08057177506221
12.405173154144125,71.0660187763405,7.043518049585595,1.5564363751837071,-2.8425063622735665,-0.32361422841764703,2.9663804579481874,-0.1334348463098004,1.1391999912362962,-0.9599629230920891,-0.10638947214999629,73.52206490871635
12.501905075400538,71.35858239743708,6.7603511849370195,1.4828836787393733,-2.93356975245424,-0.2964662447038302,3.0769655628226142,-0.12679808314353083,1.262735883986481,-0.9122164254930278,-0.09752350338790855,73.8342476973705
12.596149220567144,71.65442228843298,6.468619062222096,1.4337551770248143,-3.0179887839951705,-0.27210233006893325,3.196297150031832,-0.12089106639417295,1.3481703810134558,-0.8697199021163522,-0.08955359639855899,74.09286838737049
12.68788623986889,71.95352360031369,6.170618004629354,1.4081238594158856,-3.096525462177001,-0.2514002121753627,3.320233054924258,-0.11602431393266596,1.3932820860197321,-0.8347072944796111,-0.08277251769751238,74.22217873237048
12.777115457903848,72.25551278479384,5.868644335347377,1.4050627152884498,3.113088242736475,-0.23472276991612764,3.4447481649829403,-0.11238995550181283,1.3940109647836818,-0.8085608309482936,-0.07730415694474549,74.79298221102462
12.863860335034003,72.5597307794646,5.564994377564695,1.423644734018367,3.0434974097572294,-0.22215059587863983,3.565804823117903,-0.11010824760771724,1.3422287281480654,-0.7921456662425701,-0.0731787887869415,75.05160290102461
12.94817597947395,72.8652982524258,5.261964454469889,1.4629429049814957,2.97688488816939,-0.21365315244749084,3.679053282035042,-0.10925974511034135,0.8504162227556332,-0.7860413317290743,-0.07038905911590276,75.36378568967875
13.030496049813875,73.17117316564214,4.9618508892514885,1.5220302175536995,2.9122496294856703,-0.20920393946345073,3.7490968350987672,-0.1090212899992338,0.03842997812704667,-0.7843258273326172,-0.06892793193032795,75.75171672467874
13.111788459258706,73.47620209414784,4.6669500050980774,1.5999796611108332,2.8485916404837672,-0.20885586878346912,3.752224850789963,-0.10893071117048983,-0.4301996480053603,-0.7836741810826605,-0.06881361256301324,76.06389951333288
13.192874036705463,73.7791673433599,4.379558125198185,1.695864225028765,2.7849003283075215,-0.21279232332679693,3.7172969999835432,-0.10995070485199003,-0.7658821113398989,-0.7910122651222303,-0.07010638503371372,76.55895474564117
13.274132860633413,74.0788340708415,4.101969703313555,1.8087571636703286,2.720587920999258,-0.2200971612094581,3.654977971889813,-0.11181858834955102,-0.20043976389957013,-0.8044502758960504,-0.07250474448827621,76.87113753429533
13.355189779278428,74.37457546817413,3.835874920935933,1.9378173856121086,2.655574099211659,-0.22206610104246866,3.6387079661192763,-0.11231668303069077,0.0033889269265775105,-0.8080336908682788,-0.07315105448709004,77.05400997794948
13.435562429338281,74.6671783048444,3.581495605287349,2.082411935293796,2.590880662182566,-0.2220328748925832,3.6389807317253577,-0.11230829614257393,0.19951776147174838,-0.8079733535436971,-0.07314014841690682,77.36619276660362
13.515153875142447,74.95757989894287,3.3388348437634816,2.241938863025718,2.5268698505987803,-0.22010856717330898,3.65488309358465,-0.11182148024716672,0.38675102719583426,-0.8044710809148683,-0.07250848870303069,77.73193765391191
13.593879527729397,75.2466460806651,3.107895723759966,2.4157962191182265,2.4638707906969533,-0.21648830615124962,3.6853723013621305,-0.11089976098114822,0.56383454807774,-0.7978400070586202,-0.07131997057037662,78.04412044256605
13.67166911792041,75.53516539486044,2.888681332672478,2.603382053881644,2.402168390552908,-0.2114281540842715,3.729290854893392,-0.1095983143275916,0.7294706938178616,-0.7884770814934647,-0.06965840407070925,78.2269928862202
13.748467926999842,75.82384537627962,2.681194757896655,2.8040944176263265,2.3419959064292915,-0.2052188307083379,3.7853836844871425,-0.10797964987828912,0.8823375905413323,-0.7768320135128712,-0.0676189666744738,78.5927377735285
13.824237283606747,76.11331087790447,2.4854390868281704,3.0173313606625944,2.283531340864067,-0.19816044314102516,3.8523165280161904,-0.10610936829325454,0.9617032071347179,-0.7633767503111837,-0.06529997274506678,78.90492056218264
13.898996631818646,76.4041042402682,2.3014174624898622,3.2424909071417414,2.2265709015055277,-0.19096853601254948,3.9242915918919272,-0.10416885460640427,0.05430750052278306,-0.7494162201899587,-0.06293638823480412,79.21710335083678
13.973436497920888,76.69648134740164,2.1293455241865376,3.4788711534066605,2.1706301295370416,-0.19057582548681112,3.928338493705628,-0.1040618428209097,-0.23206195309280325,-0.7486463512295662,-0.06280730535686106,79.39997579449093
14.048291417734594,76.98998981326383,1.9701320484627922,3.7254442433429715,2.114320634478211,-0.1922719118539233,3.9109490903991135,-0.1045232265696416,-0.49124713922882685,-0.7519656587743999,-0.06336478924141886,79.71215858314507
14.123816085335696,77.28406738149921,1.824826906539922,3.9811159701138634,2.0571428015625837,-0.195971127092611,3.87380734868128,-0.10552246052423865,-0.7124436785731401,-0.7591543922607096,-0.06458054104514,80.20721381545336
14.200254207889332,77.57820245184567,1.694479969639196,4.24479212688257,1.9986127769444515,-0.20159731075471815,3.8192872174186316,-0.10702416645237386,-0.8875670466911901,-0.7699580320314666,-0.06642922586829951,80.5193966041075
14.277835962701099,77.87195466725838,1.5801411089819075,4.51537850681228,1.9382626544811972,-0.20906503359004683,3.750344208937687,-0.10898515148419552,-1.078187113758564,-0.7840658380157951,-0.0688823102873013,80.83157939276164
14.356831643249107,78.16497661306877,1.4828601957893286,4.79178090306623,1.8756442939967433,-0.218254890995269,3.665069103390107,-0.11118877681342455,-1.0988184499517666,-0.7999192576505362,-0.07189995918090428,81.14376218141578
14.437456501343698,78.45703687730797,1.4036871012827492,5.072905108807604,1.8103378473106322,-0.2289822702384481,3.5763521613927063,-0.11383005195521569,-1.0597184759911236,-0.8189212370878827,-0.07542081763912654,81.32663462506993
14.519789067915509,78.74804450808722,1.3436716966834448,5.357656917199643,1.7419661074171044,-0.24096020572621735,3.4889574533867544,-0.11685728689759474,-1.015211255321157,-0.8406999057380917,-0.07934990758373534,81.63881741372408
14.603899178050186,79.03807459783208,1.3038638532127023,5.644942121405529,1.6702172974214475,-0.2537594835218922,3.4034078285613867,-0.12004693477782422,-0.7688033210775089,-0.8636470127901021,-0.0835457055220612,81.95100020237822
14.689685875598988,79.32739433620294,1.2853129599371353,5.9336665148496275,1.5962024344858503,-0.2638814329580779,3.3373270105040773,-0.12241155009563051,0.9950134770266936,-0.8806586337815143,-0.08686175527109948,82.20962089237821
14.775161850556971,79.61648230013135,1.2885671472981335,6.22273616243113,1.5219467280292815,-0.2500583502045142,3.422554186622499,-0.11896151722154018,1.0503064548024186,-0.8558382533923752,-0.08233271415676299,82.4682415823782
14.858580627809646,79.90581437639,1.312725333672027,6.511057913922869,1.451574984944044,-0.23632366165744964,3.5103428637984746,-0.11531121401518757,1.1228664212813844,-0.8295770792459536,-0.07782927904355151,82.78042437103234
14.940038614582003,80.19563940890671,1.3566260653320474,6.797538760111633,1.3849412532053658,-0.22335689943609385,3.6019671842135317,-0.1118288668769724,1.185489466368422,-0.8045242221364919,-0.07357472947665765,83.16835540603233
15.019568050651253,80.4859889236192,1.4191078885514339,7.081085691784258,1.3217786007938843,-0.21164091675739904,3.696384904421453,-0.10874057429053544,1.2272750562055637,-0.7823062898599672,-0.0697282752751142,83.42697609603232
15.09718309451416,80.77670472697163,1.4990093496034147,7.3606056997275315,1.2617345004840839,-0.20150083625559786,3.7917520455479687,-0.10620172791919875,1.2419687731983116,-0.7640412080517895,-0.06639752950005161,83.6855967860323
15.172897105779212,81.06746593228846,1.5951689947612315,7.6350057747282865,1.2044007253674676,-0.19314998292019991,3.8858732434932395,-0.10432733273489858,1.2234885583643171,-0.7505563506107811,-0.06365338552862423,83.99777957468645
15.246732027016153,81.35781744543908,1.7064259891161115,7.903195786466191,1.149513735452455,-0.18599693955175892,3.976280989048899,-0.10280107717177014,1.1924775569530568,-0.7395760947609362,-0.061302084481796686,84.25640026468645
15.318790645830555,81.64753444013428,1.8316937743177995,8.164431157359724,1.0970195060928218,-0.1769704219275355,4.062309063896711,-0.09992828831626153,1.2676401142233171,-0.7189085490378527,-0.05833398171898397,84.69789339834058
15.389237442774279,81.9369431635466,1.9700297263278628,8.418636927492148,1.0472246915781331,-0.16752458516824845,4.151713678665195,-0.09667646153404642,1.366641803253656,-0.6955141117557295,-0.05522689698849408,85.19294863064889
15.458138648947644,82.22632276977716,2.1205077134167203,8.66581486320615,1.0001689346112557,-0.15795654808327242,4.245979100894552,-0.0932245480795318,1.4737669592525118,-0.6706802020110202,-0.052078527740372325,85.50513141930303
15.525519702227522,82.51583586746908,2.2822016038548174,8.905966730844447,0.9558377532400866,-0.14850386314326247,4.345380693769279,-0.08969750895955143,1.5811340768060074,-0.6453058198528879,-0.048967099870566744,85.87087630661132
15.591385194908062,82.80553716536005,2.4541852659125696,9.139094296749724,0.9141739230894818,-0.13934583305492237,4.449613957457478,-0.0861848877507864,1.6849580481455737,-0.6200351636747222,-0.04595175421445071,86.05374875026547
15.655728690945041,83.09538251851919,2.635532567860423,9.365199327264696,0.8750883287375356,-0.1306093768491879,4.558113531425396,-0.0827511991446778,1.7835021930139188,-0.5953323679473222,-0.043074434373140416,86.41949363757377
15.718537648074738,83.38523797865504,2.8253173779687937,9.58428358873205,0.8384696269303751,-0.1223771789226303,4.670208919582134,-0.07944225196552959,1.876063825636208,-0.5715269925577667,-0.04036253608741111,86.73167642622792
15.779795968006782,83.67488855986791,3.022613564508128,9.796348847494508,0.8041924047064629,-0.11469644891094638,4.785200966117967,-0.07628953258131556,1.9624697625541365,-0.5488455581389606,-0.037831768986768585,87.09742131353622
15.839485353169858,83.96404652620294,3.22649499574884,10.001396869894748,0.7724835899564526,-0.10758722342296792,4.902399518050333,-0.07331354176374129,2.042816361838833,-0.5274355522571315,-0.03548887727458835,87.40960410219036
15.89760989195594,84.25247888727637,3.436051310384965,10.199587126745373,0.7437158154438662,-0.09265528914777434,5.0212690107133415,-0.06466935135862009,2.348806997889421,-0.46524713207640345,-0.03056672211381365,87.7217868908445
15.954196481123608,84.54039942730208,3.650441458014134,10.391772198923839,0.7193846564330244,-0.07699994854709649,5.154301196512903,-0.05516644884295468,2.631063935493109,-0.3968809269277314,-0.02540451634033549,87.90465933449865
16.00923117382527,84.8280655629039,3.8688434240306284,10.578995025556223,0.6996056154724696,-0.06108354936894236,5.299205198506399,-0.044993502467917904,2.8833862607637877,-0.3236942623591216,-0.02015484176410796,88.21684212315279
16.06271967235564,85.11564702121846,4.0904351943645185,10.762298551126856,0.6844222797072341,-0.04504764351032067,5.453517298576714,-0.03414786633696747,3.1024948366095613,-0.24566810314365084,-0.014864627446399836,88.52902491180694
16.11468648286234,85.40324369728884,4.314394754945911,10.942725720120107,0.6738539553334598,-0.028976882259569004,5.614805424831645,-0.022615238243097288,3.2808041144155613,-0.1626995557057359,-0.00956207970394712,88.89476979911524
16.165173816884526,85.69090389076459,4.539900091704878,11.121319477020304,0.667905840096079,-0.012912944759041053,5.7804807111353895,-0.010375380906399514,3.406094929267448,-0.07464302810359363,-0.004261245978086085,89.07764224276939
16.214242041825145,85.97864268699634,4.766129190571529,11.29912276631182,0.6665764596455457,0.0031303354050666965,5.947620491647368,0.002587908533125649,3.4603065503285064,0.01861804700090395,0.0010330103162265322,89.57269747507767
16.261971415496454,86.2664603650272,4.992260037475933,11.477178532478984,0.6698621920146536,0.019151537974178234,6.112757659780678,0.01627255075230516,3.4171789800643415,0.11706871044823854,0.0063199233878718595,89.75556991873182
16.3084653227236,86.55436078913984,5.217470618348199,11.656529720006164,0.6777588355408367,0.03514625944666575,6.271582481746161,0.030638750441201408,3.2373666396312415,0.22042266504461444,0.011597745594048069,90.06775270738596
16.353855877851146,86.84236977381474,5.440938919118397,11.838219273377693,0.6902602265188358,0.05109184321029067,6.418441335157441,0.04558226977069347,2.024420980118812,0.32792999835031267,0.01685871090525569,90.25062515104011
16.398440587855404,87.13055340402629,5.661842925716638,12.02329013707794,0.7069519883425146,0.06693238573477525,6.508579737270355,0.060553232968912504,-1.7999999999999943,0.43563476956052155,0.022084096400174665,90.7456803833484
16.443032781895873,87.41900819773389,5.879415617914276,12.21267939660119,0.7268629895507585,0.07091284741321367,6.428283190861387,0.06336285324090471,-1.8000000000000131,0.4558478650424798,0.02339696940253348,90.92855282700255
16.4882265040265,87.70770212953265,6.093244441871108,12.40664181642179,0.7476278249293102,0.07281052439590813,6.346921721299066,0.06423505513703152,-1.799999999999998,0.46212269882756485,0.02402285080905156,91.29429771431084
16.534031166233305,87.99654736311275,6.303057438428708,12.605161526872571,0.7689655354110002,0.07481868922138166,6.264459612029908,0.06514911330247844,-1.800000000000003,0.4686986568523628,0.02468515219934055,91.66004260161914
16.580458704205867,88.2854665627501,6.508583002128725,12.808221977440565,0.790902388525692,0.07693346922933221,6.180875402291603,0.0660967500725827,-1.7999999999999992,0.4755161875725374,0.025382592308884084,91.84291504527329
16.627523912460198,88.57439376320093,6.70954952751277,13.015806617612759,0.8134638479290068,0.07914986794867593,6.096142500171013,0.0670687334699937,-1.7999999999999974,0.48250887388484676,0.026113519062454082,92.20865993258158
16.67524479033039,88.86327508654665,6.90568540912249,13.227898896876182,0.8366743387886159,0.08146153828156899,6.010228563488735,0.06805474252458077,-1.7893400349839272,0.48960246420561704,0.026875834863535696,92.39153237623573
16.723640824313136,89.152069483869,7.096719041499491,13.444482264717823,0.860556972024219,0.08386054613323088,5.923614460251959,0.06904929857700118,-1.7435771956844186,0.4967575437194329,0.027666918770120282,92.88658760854403
16.772725837739465,89.44074949844278,7.2823788191854195,13.665540170624705,0.8851332257635647,0.08633712933709435,5.838012994979357,0.07006118233966467,-1.6895388822206223,0.5040372830191703,0.028483547161702434,93.06946005219818
16.822507352015656,89.729302046033,7.462393136721906,13.891056064083843,0.9104225831731384,0.088879458877604,5.75388648960217,0.07108492215182062,-1.6277583515303755,0.5114023176389972,0.029321815210881,93.38164284085232
16.872991364132254,90.01772920664561,7.636490388650565,14.121013394582228,0.9364421269426856,0.09147341186321206,5.671691358771158,0.0721144453874434,-1.5587402355767672,0.518808959621895,0.03017706227844818,93.74738772816062
16.92418221167678,90.30604902071437,7.804398969513042,14.355395611606887,0.9632062526815406,0.09410236836698625,5.59187822354828,0.073143048839338,-1.5241168718195763,0.5262089844556689,0.031043805225669775,94.05957051681477
16.976092454966405,90.59429611210543,7.965847140801012,14.59418605045061,0.9907456065049731,0.09682256356141528,5.512740059467917,0.07419230984794958,-1.6188897943602354,0.5337576248053926,0.03194057960779537,94.24244296046892
17.0287737067665,90.88249399535302,8.120540447418769,14.837348549195914,1.019107425678974,0.09988905886602763,5.4274310194579805,0.07535759574655802,-1.5740929131567467,0.5421409765939426,0.03295145802821122,94.55462574912306
17.082271496948458,91.17062500988008,8.26813621306042,15.084805558587549,1.0483612619474347,0.10306210989193343,5.343195408881858,0.07654465794419162,-1.5179783589992892,0.5506809924042562,0.0339973918871841,94.86680853777722
17.136596834929477,91.45868572907463,8.408285602112457,15.33647424295495,1.0785346636563151,0.10631819678068916,5.260704541485635,0.07774389826989614,-1.4513457932997278,0.5593086206467348,0.035070619510019906,95.17899132643137
17.19175803573907,91.74669614771668,8.540639778961355,15.592271766627512,1.109650413116061,0.109629145557037,5.180619530013722,0.07894461806187891,-1.374955146146712,0.5679468925315029,0.036161847086196734,95.49117411508553
17.247760473123165,92.03470103454612,8.664849907993602,15.852115293934675,1.1416326009787916,0.11296176418004136,5.103591064130827,0.08013498038582209,0.3158428919829362,0.5765106502577128,0.03726012963817969,95.80335690373967
17.304099486261094,92.32276901677379,8.780590790573411,16.115909172719544,1.1740571589490456,0.11217825161595878,5.121391873135002,0.07985672127741658,1.0854217760269775,0.5745087861684647,0.03700192680859809,96.2448500373938
17.36003307860976,92.61095959110801,8.88779365271752,16.383418711770393,1.2060076265963495,0.10956548587880004,5.182125030213005,0.0789217045079771,1.099805876554233,0.5677820468199791,0.03614086683580875,96.55703282604796
17.4153439378767,92.89930293096289,8.986546837446587,16.654324027599618,1.2372350128687832,0.10703806418345121,5.242976906668969,0.07800653571212561,1.1025146561568666,0.5611980986483855,0.03530788171127048,96.86921561470211
17.47005048548195,93.1878096476937,9.076940956823877,16.928304006395134,1.2677664633723607,0.10461746723633722,5.303311244967466,0.07711983966761309,1.0931563578521932,0.5548189904144826,0.034510057808744506,97.18139840335627
17.524173485927406,93.47647220245618,9.159066622912627,17.20503753434482,1.2976330893496921,0.10232192455903089,5.362494496268907,0.07626940526406693,1.071403711445565,0.5487007572954454,0.033753410921478585,97.31070874835626
17.57773586418879,93.76526610104592,9.233014447776087,17.484203497636603,1.3268693688371738,0.10016679505737223,5.419898468019849,0.0754622464118295,1.0370071945953097,0.54289385907791,0.03304301121417669,97.75220188201041
17.63076253593946,94.05415107646493,9.298875043477505,17.765480782458358,1.3555126180782908,0.0981649670472821,5.474903173752971,0.07470467285975438,0.9898087399569954,0.5374436896385206,0.03238311468364955,98.06438467066457
17.68328025168217,94.34307225144595,9.35673902208013,18.048548274998005,1.3836025353045724,0.09632726065742978,5.526899909364405,0.07400236681936496,0.9297555765595505,0.5323911281968701,0.03177729549410651,98.32300536066455
17.735317455231744,94.63196127537891,9.406696995647211,18.333084861443425,1.4111734032096397,0.09466282037972014,5.57529457186299,0.073360462098221,1.083642409682647,0.5277731086202949,0.03122857514602983,98.7644984943187
17.786852064331583,94.92074575090462,9.44884290815485,18.61877734535497,1.4382258430458024,0.09279471128749671,5.6311538731158635,0.0726332404041045,1.2368527887047736,0.5225412978712555,0.03061268838104959,99.02311918431869
17.837829150061104,95.20943652474075,9.483308916854766,18.905403333608668,1.4647079280859496,0.09075124964673709,5.694220408281618,0.07182930887635593,1.2971219805375425,0.5167576178155103,0.0299389639958026,99.28173987431867
17.888228500214048,95.4980917712952,9.51025158793553,19.19279843419049,1.4905985677694913,0.08870296292964772,5.759609761349193,0.07101432870987705,1.3512644883949818,0.5108944511501946,0.029263621510531506,99.54036056431866
17.93805241553558,95.78675709677778,9.529827883543598,19.480799195971127,1.5159020732347306,0.08666518198577497,5.826950045247283,0.07019412236697921,1.3989151751854851,0.5049936860933755,0.028591716395173616,99.98185369797281
17.987304666630592,96.07546505958301,9.542194765825425,19.769242167821325,1.540625617739108,0.08465159825916284,5.8958644130994164,0.06937411405065795,1.4396970538234353,0.49909434568818667,0.027927764313007437,100.2404743879728
18.035990404503494,96.36423569695559,9.547509196927464,20.05796389861177,1.5647789239333014,0.0826743116252298,5.965971340497937,0.0685593277514608,1.473222545652298,0.4932325737515164,0.027275756736038582,100.49909507797278
18.08411607276404,96.65307706278158,9.54592813899617,20.34680093721319,1.58837396326342,0.08074390926560869,6.036884874141769,0.06775439414892337,1.4990950816654374,0.48744168452462855,0.02663918680186467,100.75771576797277
18.13168932283414,96.9419857707334,9.537608554177993,20.635589832496308,1.6114246720164662,0.07886956752611696,6.108214859420649,0.066963564740356,1.5169110896003253,0.48175226431910784,0.026021082762392057,101.14564680297275
18.17871893322389,97.23094753778169,9.522707404619393,20.924167133331814,1.6339466873023845,0.07705916966122846,6.179567160627142,0.06619073168265746,1.5262624115994385,0.47619231426372277,0.02542404668819231,101.40426749297274
18.22521473370074,97.51993772384523,9.50138165246682,21.212369388590453,1.65595710519262,0.07531943343656813,6.250543888367315,0.06543945198356993,1.5267391979339473,0.47078742434222975,0.024850296442419047,101.66288818297272
18.271187534957853,97.80892186406699,9.47378825986673,21.500033147142915,1.6774742623230392,0.07365604365055355,6.320743649451662,0.06471297485056793,1.5179333220209732,0.4655609701479707,0.024301709295903792,101.92150887297271
18.31664906419803,98.09785619087033,9.440084188965574,21.786994957859935,1.6985175415756075,0.07207378568354858,6.389761835103336,0.06401427118502967,1.4776403066911221,0.4605343250721559,0.023779865899242143,102.36300200662684
18.361615320201572,98.38668814355786,9.40042640189343,22.073091369612744,1.719246232756897,0.07059799954047696,6.456215584273072,0.06335563077439055,-1.4660513615178532,0.45579590485173055,0.02329312621881951,102.62162269662684
18.406555442176476,98.67536479974342,9.354930132419343,22.358160310906623,1.7398402845592713,0.0720611678165919,6.390321344598008,0.06400866861528866,-1.454985324774047,0.4604940188150263,0.023775704356899147,102.88024338662683
18.451933585878173,98.96386223121627,9.303547353782424,22.642045108009217,1.760850300750966,0.07357355623147722,6.324286667966188,0.06467673624975331,-1.4373458084704895,0.4653002607895921,0.024274504502361734,103.13886407662682
18.497757293526085,99.25217057066875,9.246190117418392,22.924590407093334,1.7822887041278523,0.07513021925664322,6.258411604068944,0.06535722120567078,-1.4133943239793791,0.4701958360120199,0.0247878942178448,103.58035721028095
18.544033345330853,99.54028756941656,9.182770474762973,23.20564085433173,1.8041669244645082,0.07672545955946522,6.192994369997978,0.06604728713313132,-1.3833933884965564,0.4751603390872756,0.025313993214126935,103.70966755528094
18.590767709832384,99.82821894933292,9.113200477251878,23.48504109589721,1.8264952536847832,0.07835276185031304,6.128331096901864,0.06674386170958331,-1.347604853322585,0.48017166697541935,0.025850651585026356,104.1511606889351
18.637965491852633,100.115978755423,9.037392176320834,23.762635777962537,1.8492826889343197,0.0800047328575724,6.064715583680895,0.06744362706800694,-1.3062884461192985,0.48520595012954626,0.026395430070651617,104.59265382258924
18.685630878526695,100.40358970662497,8.955257623405556,24.038269546700523,1.8724720581769474,0.08167305030930162,6.0024390507885945,0.06814301341372674,0.19539489390055706,0.49023750657357357,0.026945583297405228,104.9048366112434
18.733487075455002,100.69108587021977,8.866725851495394,24.311794992398312,1.8951270996415317,0.07686560477483519,6.011833563809812,0.06423234795361726,-1.8000000000000056,0.46210322268789394,0.025360211451823232,105.03414695624339
18.7816501971775,100.97856335045974,8.772208131936628,24.583290300524506,1.9153569420847245,0.06427537248901523,5.925246598638231,0.05293779307812726,-1.8000000000000056,0.38084743221674283,0.021207692847862947,105.34632974489755
18.83054556176367,101.2661403247199,8.672655169261338,24.853086007953664,1.9319687207410083,0.05164527712551263,5.837321010847935,0.04190433851733886,-1.8000000000000076,0.30147006127581916,0.017041291630815615,105.6585125335517
18.880218019199972,101.55388125754672,8.569046133585733,25.121525968001375,1.9449572357605718,0.03903267857643221,5.747976395168276,0.03118588919855567,-1.8000000000000125,0.22435891509752282,0.012880071631114893,106.10000566720585
18.9307076173993,101.84180426802197,8.462360195026037,25.388954033983175,1.9543267494077088,0.026464330922134672,5.657141442808192,0.020810032386995976,-1.8000000000000174,0.1497124632157984,0.008733007188727066,106.41218845586
18.98205135289544,102.12989244585822,8.353576523698457,25.65571405921465,1.9600855214153967,0.013943961793471972,5.564750541644768,0.010785658983062697,-1.7999999999999945,0.07759466894289711,0.0046014749150181476,106.72437124451416
19.034285082259025,102.41810513936088,8.243674289719216,25.92214989701134,1.962196201452602,0.001459859917213808,5.470740168586633,0.001110125486255948,-1.7999999999999963,0.007986514289611136,0.0004817537354110145,107.03655403316831
19.087445245695136,102.70638718414817,8.13364557619368,26.188608560872467,1.9603853604351362,-0.013422655597205513,5.375042631728461,-0.010028481103172372,-1.8000000000000014,-0.07214734606598829,-0.004429447378258599,107.34873682182247
19.14156655108078,102.99465581007523,8.02465649015062,26.45547965300755,1.954077246033231,-0.029763457789081443,5.2775884725467055,-0.021834020160579348,-1.7999999999999914,-0.15707928173078667,-0.009821625246068907,107.66091961047663
19.196686570715784,103.28282468488374,7.9179979186441765,26.723183312923894,1.943056291843395,-0.04616323126797381,5.1783109974668555,-0.03322761197334409,-1.7999999999999954,-0.2390475681535546,-0.015232688037906504,107.97310239913077
19.252853651239775,103.57084201648087,7.814963470047661,26.992140346114592,1.9273107914781855,-0.06262990993140304,5.077124471366515,-0.0441991989209568,-1.799999999999998,-0.3179798483522071,-0.02066492819627824,108.28528518778491
19.3101321359975,103.85871029035332,7.716846752734372,27.262771558072796,1.9068301440028108,-0.0791250102749193,4.973914760568979,-0.05470498685858648,-1.7999999999999974,-0.3935610565365933,-0.026105321620866023,108.54390587778491
19.368608267544616,104.14650566305106,7.624941375077608,27.535497754291644,1.8816146378737308,-0.09554667394954498,4.86852919976811,-0.06465887631690752,-1.800000000000003,-0.4651717720640828,-0.03151995981073678,108.85608866643906
19.428396995950813,104.43439728044093,7.540540945450681,27.810739740264253,1.8516884373178921,-0.11171395713883084,4.760764898503916,-0.07392630012891283,-1.7373539397840543,-0.5318438858195168,-0.0368489184461189,109.1682714550932
19.489624612303928,104.72266619358324,7.464939072226888,28.088918321483767,1.817119192296128,-0.12735504705157813,4.654235596736067,-0.08239091468419178,-1.4229493352472598,-0.5927403934114516,-0.042002447765878345,109.4268921450932
19.55232167482137,105.01172206124642,7.3994286214785205,28.37045282287438,1.778572427623099,-0.14010821117584682,4.564884456337694,-0.08890131356086445,-1.451475238217554,-0.6395777954019023,-0.0462028052273403,109.73907493374736
19.616511996700808,105.30180869933147,7.345126527858314,28.655411662400287,1.737170477357296,-0.14461215079263803,4.471676082338844,-0.0898855587321875,-1.455561703455984,-0.6466586959150178,-0.047685831970586096,109.99769562374735
19.682222892910524,105.59256339854743,7.302747666225904,28.943061322930067,1.6942316750941646,-0.15016799078603013,4.375979929539217,-0.09134136380970684,-1.4391369183315075,-0.6571321137388979,-0.04951493151360637,110.4391887574015
19.749456626527596,105.88358823516532,7.272951001241882,29.232556770708264,1.6495078227068911,-0.15673446637765936,4.2791591814587555,-0.09322615058828898,-1.4050629203574705,-0.6706917308509996,-0.05167632516272268,110.69780944740148
19.818212871937455,106.1745558066486,7.256395497566841,29.523052971979368,1.6027595410647593,-0.1642553751596339,4.182477753461631,-0.09549222889634118,-1.3557617175502181,-0.686994452491663,-0.05415128127132616,110.95643013740147
19.88849070792258,106.46521985708607,7.253740119861375,29.813704892987918,1.5537601276113513,-0.1726470970762194,4.087111009934696,-0.0980822713297938,-1.293891862702353,-0.7056278512934805,-0.056912016738901255,111.34436117240145
19.96029144525506,106.75542670027573,7.2656438327860755,30.103667499978407,1.5023017128352445,-0.18178451936865864,3.9941104724165832,-0.10092337590216689,-1.2234281496981645,-0.7260674525335746,-0.05991708635305353,111.60298186240144
20.03362359075674,107.04512732337838,7.292765601001537,30.392095759195374,1.4482039791999652,-0.1914860143151952,3.9042859928488314,-0.1039186467289002,-1.1518233920737404,-0.7476161635172675,-0.06310647873289371,111.86160255240142
20.108512827419474,107.33438993107309,7.335764389168351,30.678144636883307,1.3913256002964205,-0.2014990247260223,3.817912329268268,-0.10693347990634469,-1.1162848943646317,-0.7693056108370121,-0.06639693432689855,112.17378534105558
20.185040722964978,107.62341253455283,7.395299158023075,30.96096909943847,1.3323365796883107,-0.2110793160361958,3.732376479416341,-0.10950801895060523,0.6688243544804767,-0.7878274744647857,-0.06954384427608673,112.43240603105556
20.261926604982214,107.91247993869996,7.4717870182333845,31.239733464773803,1.2721350380296204,-0.20538342075390847,3.783864147858647,-0.10802287176738419,0.6347269441402503,-0.7771429623552818,-0.06767303322525624,112.87389916470971
20.337854941962398,108.2017291395525,7.564750143136668,31.513636654974366,1.2134537351660486,-0.2002519602010429,3.8321152776138834,-0.10666701485213761,0.5725166224786583,-0.7673885960585439,-0.06598720348675723,113.1325198547097
20.412939022540755,108.49118525087361,7.673503749323991,31.781885594436186,1.1561107697490625,-0.19583545591005624,3.875150955908369,-0.1054859816297142,0.4842014649683992,-0.7588919541706057,-0.06453595589297674,113.44470264336385
20.487304362612313,108.78080778424184,7.797363053386439,32.04368720755536,1.099897081017914,-0.19224747479874832,3.9111980025247908,-0.10451659357983864,0.37283659208207115,-0.7519179394232994,-0.06335675734446136,113.756885432018
20.561086495658053,109.0705021560718,7.935643271915076,32.29824841872788,1.044583148021268,-0.18957241127705562,3.938735701634718,-0.10378791178352675,0.24249346328755644,-0.746675624341919,-0.062477476335977666,114.12263031932629
20.634428917892038,109.36013104618158,8.08765962150099,32.544776152349876,0.9899356728284517,-0.18787252426968418,3.9565390951875345,-0.10332217321865586,0.4328174445858865,-0.7433249871845744,-0.06191868098213208,114.43481310798045
20.70725825621259,109.64952926347833,8.252726715633226,32.78248223685188,0.9361268370595116,-0.18491535229622016,3.9880926038760465,-0.1025068772881608,1.1662535149006448,-0.7374595488356891,-0.060946492562374034,114.7469958966346
20.77899714531707,109.93872613155669,8.430122038056581,33.01088041567266,0.883770613405625,-0.17739662045595525,4.07183779886625,-0.10040390677435272,1.2215346997160577,-0.7223302645636884,-0.058474148031617074,114.92986834028875
20.849283523244452,110.22802515281501,8.619064972169655,33.22995686659736,0.8335805266230987,-0.16965731397154415,4.1577767792358244,-0.0980502164237187,1.2681552518586667,-0.7053972404584079,-0.05592852574526235,115.29561322759704
20.91820191259785,110.5176638057883,8.818769838742181,33.43973893342728,0.7855596506412249,-0.1619223253352592,4.2452568313828385,-0.09554885823182359,1.328205136999574,-0.6874018577829035,-0.05338359847477694,115.47848567125119
20.9858106884314,110.80778868901643,9.02845095854385,33.64025395996358,0.7396700694949427,-0.15437420949788636,4.335132354184257,-0.09302333560418091,1.391592058562835,-0.6692326302459057,-0.050899487452891884,115.84423055855949
21.052139939382215,111.09846216601517,9.247322652344385,33.83152929000751,0.6958407788292129,-0.14715507222560442,4.42750743331762,-0.09056269448196641,1.4524739364147592,-0.6515301761292549,-0.0485230556344578,116.20997544586778
21.117204183444606,111.38966926660542,9.474599240913511,34.0135922673603,0.6539750872154035,-0.14037110061510355,4.522076965291328,-0.08823287997509703,1.5074300392435804,-0.6347689206841511,-0.046289373334664714,116.39284788952193
21.181009369269496,111.68132459531915,9.709495045020917,34.18647023582318,0.6139571371135506,-0.13409844654705405,4.618317299355295,-0.0860839753951854,1.5543045692332738,-0.619309175504931,-0.0442236349610839,116.75859277683023
21.24355681060699,111.97327906395188,9.95122438543634,34.35019053919737,0.5756573574238698,-0.1283895158105846,4.7155864310555415,-0.08415502835181954,1.591533354134514,-0.6054318586461837,-0.04234321566171662,117.07077556548435
21.304845497431458,112.26532632409845,10.19900158292947,34.50478052128409,0.5389368012485666,-0.12327905391125325,4.8131736750565794,-0.08247752607904198,1.617738497392041,-0.593363496971525,-0.040659666661793284,117.3829583541385
21.36487354772796,112.55720882439672,10.45204095827004,34.65026752588458,0.5036504144999601,-0.11878970111962549,4.910320644194896,-0.08107807751983596,1.6314520925038056,-0.5832955217254386,-0.039180540176128105,117.69514114279264
21.423639214532265,112.84862345590179,10.70955683222774,34.78667889680004,0.4696534672640015,-0.11493689797797273,5.006224486549502,-0.0799805879160863,1.6308835059810487,-0.575399913065369,-0.03791100342874168,118.00732393144679
21.481143016332318,113.1392335438623,10.970769079881237,34.91404602325041,0.4369063977543531,-0.11108586854901636,5.1000373961721595,-0.07874934964628849,1.6436334704446578,-0.5665420837862482,-0.0366419289466299,118.19019637510094
21.53743055527317,113.42894006847159,11.235123357738326,35.03256473983074,0.40550452907667905,-0.1061812858445164,5.192595893699108,-0.07663855473208588,1.7166843415186337,-0.5513565088639272,-0.03502549437670743,118.50237916375508
21.592583001955006,113.71796652572951,11.502364454130891,35.14264875044972,0.3756229606192032,-0.10098238292143209,5.287319925504306,-0.07421573698300973,1.8088508613305134,-0.5339261653453936,-0.03331185905822315,118.94387229740923
21.646651960827768,114.00651861526862,11.772257746683755,35.24472675499702,0.34731154123374064,-0.09556597938215267,5.385168347719486,-0.07153480533297385,1.9141921310252927,-0.5146388872875816,-0.03152632427488316,119.25605508606338
21.699672856336974,114.2947608569982,12.044568613021788,35.33922745336227,0.32060565735528607,-0.09000019471073453,5.486706310035571,-0.06863884443511059,2.0283037619586906,-0.4938046362238172,-0.029691336125815537,119.51467577606337
21.751670065149618,114.5828185664444,12.319062430769813,35.42657954543513,0.29552805578422603,-0.08434336867605825,5.592217464177768,-0.06556163784239935,2.148058089158051,-0.47166645929783707,-0.02782612757596849,119.82685856471753
21.802660460581933,114.87078003936027,12.595504577552704,35.50721173110525,0.27209079127458075,-0.0786436394822799,5.701791432607535,-0.06232893854625036,2.271276004713417,-0.4484096298291392,-0.025946576833989654,120.13904135337167
21.852655842542987,115.1586988820684,12.873660430995287,35.58155271026228,0.2502971995465833,-0.07293903685320197,5.8153865338849515,-0.058959448286780215,2.396440653323283,-0.42416869271064894,-0.024065235407290497,120.52697238837166
21.90166461340158,115.44659643259324,13.153295368722427,35.650031182795885,0.23014381883078433,-0.0672579453379223,5.93287275393896,-0.05546556356199724,2.522475909088898,-0.3990328313812751,-0.022191478425952624,120.78559307837165
